 1  0    3.73723   -4.95281   27.40319  0.134096 -0.174537  0.975477    0.99607  1.000000      1
 1  0   -4.37576   -1.82536   27.52685 -0.155726 -0.068314  0.985435    0.29540  1.000000      1
 1  0   -2.96508    3.51852   27.53694 -0.107092  0.130265  0.985679    0.84332  1.000000      1
 1  0   -0.68978    1.24631   27.68439 -0.010274  0.007350  0.999920    0.58582  1.000000      1
 1  0   -1.78848    4.58778   27.51322 -0.061725  0.162153  0.984833    0.49591  1.000000      1
 1  0   -1.38590   -2.94003   27.61868 -0.047617 -0.103592  0.993479    1.28416  1.000000      1
 1  0   -3.88734   -2.63474   27.53014 -0.142189 -0.099238  0.984852    2.04573  1.000000      1
 1  0   -3.04084    3.63622   27.52693 -0.111366  0.132870  0.984857    2.57403  1.000000      1
 1  0   10.27230  -17.59070   24.42558  0.402803 -0.575373  0.711826    1.42271  1.000000      1
 1  0   -2.38263    0.65317   27.65303 -0.111151  0.010939  0.993743    0.66816  1.000000      1
 1  0    5.19093   -3.57045   27.39394  0.301937 -0.213864  0.929030    0.49110  1.000000      1
 1  0    3.11569    4.44850   27.47271  0.113362  0.157869  0.980931    0.81650  1.000000      1
 1  0   -0.43946    4.67531   27.53015 -0.028880  0.375697  0.926292    0.48619  1.000000      1
 1  0    1.08939    3.23641   27.61024  0.042427  0.117333  0.992186    0.78165  1.000000      1
 1  0   -3.06672   -4.20582   27.49125 -0.110943 -0.151157  0.982264    2.25060  1.000000      1
 1  0   -5.11220   -1.83075   27.47279 -0.183586 -0.064545  0.980882    0.45570  1.000000      1
 1  0    4.04147   -2.53710   27.52461  0.147059 -0.093269  0.984721    0.58819  1.000000      1
 1  0   -3.47725    1.62189   27.58666 -0.124753  0.056838  0.990559    0.79132  1.000000      1
 1  0   -2.89047   -3.16138   27.55870 -0.105864 -0.114850  0.987726    1.72930  1.000000      1
 1  0    3.29343    4.46560   27.46273  0.061179  0.224260  0.972607    1.15594  1.000000      1
 1  0    0.95864   -5.57793   27.45313  0.037832 -0.198807  0.979308    0.40664  1.000000      1
 1  0   -0.48355   -1.57384   27.67914 -0.020216 -0.056613  0.998192    0.97547  1.000000      1
 1  0   -3.58566    2.86920   27.53757 -0.126488  0.105416  0.986351    0.62442  1.000000      1
 1  0   -4.21011    0.52794   27.56136 -0.150043  0.017119  0.988531    0.49891  1.000000      1
 1  0   -2.61849   -4.90931   27.46143 -0.092270 -0.173800  0.980449    1.67128  1.000000      1
 1  0   -2.98839   -5.42060   27.40461 -0.107305 -0.192281  0.975456    1.41442  1.000000      1
 1  0   -0.56308    1.04624   27.68914 -0.020542  0.038034  0.999065    3.72406  1.000000      1
 1  0   -1.35142   -5.10756   27.48492 -0.050307 -0.183228  0.981782    2.14519  1.000000      1
 1  0    2.54130    1.57333   27.63124  0.089692  0.056179  0.994384    4.75202  1.000000      1
 1  0   -0.48497   -0.76340   27.69371 -0.026362 -0.014025  0.999554    1.02822  1.000000      1
 1  0   -1.64727   -5.22606   27.46862 -0.057450 -0.183175  0.981400    0.22211  1.000000      1
 1  0    1.20189    0.74934   27.68457  0.045193  0.030243  0.998520    2.00687  1.000000      1
 1  0   -4.07405    0.07191   27.57216 -0.145982  0.006335  0.989267    0.56327  1.000000      1
 1  0   -2.07579    5.19453   27.45885 -0.077488  0.186330  0.979427    4.38872  1.000000      1
 1  0   -3.12653    3.67617   27.52060  0.055460  0.216972  0.974601    0.92368  1.000000      1
 2 -1    0.50697   -0.42290   27.69665  0.414549 -0.106090  0.903822    0.81610  1.000000      0
 1  0   -4.47164    4.60477   27.38231 -0.157359  0.164028  0.973824    0.86055  1.000000      1
 1  0   -5.41775   -2.79840   27.41334 -0.192227 -0.098440  0.976401    0.88103  1.000000      1
 1  0    1.94407    3.43677   27.57996  0.070202  0.124527  0.989730    3.88794  1.000000      1
 1  0    3.07785  -19.15360   24.73762  0.275287 -0.828630  0.487431    1.50492  1.000000      1
 1  0    0.12184   -2.32760   27.65820 -0.000788 -0.083708  0.996490    2.70441  1.000000      1
 1  0    2.99981    3.48451   27.53718  0.111513  0.125155  0.985850    2.14257  1.000000      1
 1  0    0.07377   -5.59853   27.45840  0.003155 -0.203032  0.979167    0.23737  1.000000      1
 1  0   -4.28803    3.09813   27.48437 -0.153233  0.106583  0.982425    4.01264  1.000000      1
 1  0    3.34059   -0.38589   27.61295  0.214897 -0.038457  0.975879    0.46016  1.000000      1
 1  0   -4.15304   -2.89206   27.50269 -0.147946 -0.103081  0.983609    1.44520  1.000000      1
 1  0    4.07712   -4.42839   27.42068  0.145023 -0.156363  0.976995    0.64830  1.000000      1
 1  0    1.03971   -2.30481   27.65080  0.039064 -0.082615  0.995816    2.47368  1.000000      1
 1  0    4.97990   -0.84099   27.50350  0.172811 -0.029870  0.984502    2.48916  1.000000      1
 1  0    1.32522    1.89547   27.65884  0.050342  0.066498  0.996516    1.39442  1.000000      1
 1  0   -1.00449    3.75204   27.58384 -0.042234  0.133688  0.990123    2.87570  1.000000      1
 1  0    3.65276   -4.63713   27.43140  0.010024 -0.431487  0.902063    0.14549  1.000000      1
 1  0   -1.98802    1.63369   27.64905 -0.071211  0.062279  0.995515    0.92920  1.000000      1
 1  0    0.46608   -2.66472   27.64368  0.016105 -0.091639  0.995662    0.49791  1.000000      1
 1  0    2.46286    5.00267   27.46039  0.087285  0.178974  0.979974    0.40834  1.000000      1
 1  0   -2.10492   -4.40799   27.51619 -0.082490 -0.157736  0.984030    0.44210  1.000000      1
 1  0   -2.58879    2.97334   27.58033 -0.089759  0.104525  0.990463    0.25433  1.000000      1
 1  0   -3.45076    5.26075   27.39480 -0.117550  0.185271  0.975631    0.61092  1.000000      1
 1  0  -15.67430    3.49801   25.68476 -0.242002  0.163971  0.956320    2.57259  1.000000      1
 1  0   -3.67465   -0.64517   27.59284 -0.130185 -0.021194  0.991263    0.67162  1.000000      1
 1  0   -4.15308   -1.98491   27.53681 -0.150608 -0.071347  0.986016    3.04190  1.000000      1
 2 -1    6.27372   -3.81127   27.28417  0.247539 -0.413459  0.876228    1.71917  1.000000      0
 1  0    0.51036   -4.69402   27.52828  0.018552 -0.168611  0.985508    0.49813  1.000000      1
 1  0    3.28304    1.92419   27.58851 -0.119802  0.382311  0.916235    1.27371  1.000000      1
 1  0   -5.30685    1.42077   27.46742 -0.191165  0.051650  0.980198    1.07470  1.000000      1
 1  0    0.87955   -5.56373   27.45547  0.032790 -0.198383  0.979576    1.42679  1.000000      1
 1  0    0.34967   -5.30810   27.48196  0.047984 -0.206342  0.977303    1.84929  1.000000      1
 1  0    2.73018   -5.07168   27.44430  0.097707 -0.180734  0.978667    0.23741  1.000000      1
 1  0    4.16073    2.86558   27.50337  0.150462  0.105104  0.983013    0.93208  1.000000      1
 1  0   -2.29853    5.21032   27.45005 -0.081993  0.182986  0.979690    0.40960  1.000000      1
 1  0    1.18497    0.50050   27.68727  0.042542  0.015218  0.998979    1.09570  1.000000      1
 1  0   -1.13315   -0.24778   27.68965 -0.038568 -0.011188  0.999193    1.50372  1.000000      1
 1  0   -0.80146    4.57602   27.53377 -0.031187  0.164398  0.985901    0.85798  1.000000      1
 1  0    4.34694   -4.30651   27.41134  0.157526 -0.150111  0.976039    0.65113  1.000000      1
 1  0  -14.00110   11.20290   25.17771 -0.452930  0.361666  0.814894    2.74107  1.000000      1
 1  0   -3.21233   -3.73517   27.51303 -0.115298 -0.131307  0.984614    1.51995  1.000000      1
 1  0   -3.17358  -13.17510   26.27158  0.073168 -0.348334  0.934510    2.26449  1.000000      1
 1  0   -3.02116   -0.58949   27.62708  0.301403 -0.134622  0.943946    0.51100  1.000000      1
 1  0   -1.97422   -3.57811   27.57141 -0.072185 -0.128785  0.989042    1.10414  1.000000      1
 1  0   -4.16936    1.99282   27.53552 -0.188062  0.152221  0.970289    0.72840  1.000000      1
 1  0    2.49751   -4.04981   27.52562  0.090257 -0.142431  0.985681    0.23295  1.000000      1
 1  0   -3.45447   -4.46558   27.45435 -0.128391 -0.159455  0.978821    3.63916  1.000000      1
 1  0    0.78374   -2.84278   27.63308  0.022845 -0.102526  0.994468    0.79917  1.000000      1
 1  0    4.21555   -4.62498   27.39806  0.146667 -0.164270  0.975451    0.18965  1.000000      1
 1  0    4.04854    0.22973   27.57339  0.145700  0.004452  0.989319    0.62925  1.000000      1
 1  0   -0.16684    2.62008   27.64696 -0.007166  0.096562  0.995301    0.89666  1.000000      1
 1  0   -0.68977   -1.24374   27.68444 -0.026293 -0.042515  0.998750    5.08374  1.000000      1
 1  0   -0.79562   -1.14116   27.68511 -0.028227 -0.041278  0.998749    1.95746  1.000000      1
 1  0   -4.99545    2.15220   27.47201 -0.177852  0.076680  0.981065    0.47879  1.000000      1
 1  0    4.56723    5.24319   27.32700  0.162407  0.184936  0.969238    0.96704  1.000000      1
 1  0   -0.34740   -5.27976   27.48428 -0.012667 -0.186365  0.982399    0.62587  1.000000      1
 1  0    5.27397   -3.96969   27.36395  0.186387 -0.139183  0.972568    0.54956  1.000000      1
 1  0    3.24502   -4.38128   27.47094  0.114055 -0.156071  0.981139    2.01726  1.000000      1
 1  0    3.25297   -0.12071   27.61844  0.115700 -0.003695  0.993277    5.54532  1.000000      1
 1  0   -5.36247   -3.52181   27.38262 -0.189321 -0.125036  0.973922    0.25736  1.000000      1
 1  0    1.84321    3.72245   27.56714  0.196563  0.235160  0.951873    2.21424  1.000000      1
 1  0   -4.01912    3.54024   27.47896 -0.141841  0.127582  0.981633    1.44808  1.000000      1
 1  0   -1.43643    5.67473   27.43588 -0.045540  0.196665  0.979413    0.67513  1.000000      1
 1  0    0.48104   -5.09096   27.49854  0.015298 -0.181537  0.983265    1.16661  1.000000      1
 1  0   -1.57111    5.31123   27.46359 -0.055833  0.188314  0.980521    0.57867  1.000000      1
 1  0    3.53111    1.17009   27.59347  0.126645  0.044984  0.990928    3.57031  1.000000      1
 1  0   -4.02665    1.45830   27.55877 -0.142115  0.052555  0.988454    1.29596  1.000000      1
 1  0   -4.04699   -5.33915   27.35381 -0.142566 -0.186879  0.971983    1.49546  1.000000      1
 1  0   -1.66622   -0.41482   27.67732 -0.059153 -0.011657  0.998181    1.83252  1.000000      1
 1  0    4.97693   -2.44952   27.46288  0.181080 -0.084699  0.979814    2.29331  1.000000      1
 1  0    1.67150   -5.38857   27.45469  0.059948 -0.190166  0.979920    0.61425  1.000000      1
 1  0    3.69286    0.28828   27.59437  0.131764  0.013573  0.991188    1.90514  1.000000      1
 1  0    2.17606    4.12156   27.53269  0.077642  0.146907  0.986098    0.35262  1.000000      1
 1  0    0.61453   -3.37726   27.60929  0.020795 -0.124690  0.991978    0.23957  1.000000      1
 1  0   -0.31683   -0.94486   27.69236 -0.012564 -0.034057  0.999341    1.15873  1.000000      1
 1  0    1.44089    6.31576   27.37639  0.050821  0.227784  0.972385    3.57795  1.000000      1
 1  0    0.18744    0.25214   27.69924  0.007314  0.011532  0.999907    2.14188  1.000000      1
 1  0   -3.32491   -1.68080   27.59314 -0.119217 -0.063812  0.990815    1.20468  1.000000      1
 1  0    4.85036    4.15349   27.38557  0.173433  0.148261  0.973622    2.64145  1.000000      1
 1  0   -2.81362    4.20566   27.50275 -0.098619  0.151775  0.983483    1.76604  1.000000      1
 1  0    4.18256   -4.79234   27.38802  0.147569 -0.166846  0.974877    1.13176  1.000000      1
 1  0   -1.47995   -4.44063   27.53125 -0.052115 -0.156249  0.986342    0.23619  1.000000      1
 1  0    2.02414    0.93020   27.66182  0.069392  0.033925  0.997012    4.66609  1.000000      1
 1  0   -4.83720   -1.11260   27.51021 -0.272337 -0.040077  0.961367    1.56559  1.000000      1
 1  0    4.49213    1.28958   27.53176  0.157723  0.050341  0.986199    0.21033  1.000000      1
 1  0    8.93922   21.03740   23.54832  0.222213  0.622721  0.750227    1.16700  1.000000      1
 1  0    4.23410   -3.16143   27.48486  0.152259 -0.112725  0.981891    3.73743  1.000000      1
 1  0    0.88876    0.93156   27.68725  0.034836  0.034299  0.998804    3.11759  1.000000      1
 1  0   -0.95842   -4.13081   27.56153 -0.035855 -0.152430  0.987664    0.94613  1.000000      1
 1  0   -2.69212    2.12132   27.60957 -0.095720  0.079286  0.992246    2.00486  1.000000      1
 1  0   -1.66652   -1.02715   27.67051 -0.054532 -0.035541  0.997879    1.96660  1.000000      1
 1  0   -2.47317    0.79387   27.64808 -0.089519  0.027929  0.995593    0.58586  1.000000      1
 1  0   -2.75892    3.29775   27.55764 -0.143198  0.180510  0.973093    0.34511  1.000000      1
 1  0   -4.14500    4.04258   27.44161 -0.152689  0.128367  0.979902    2.51097  1.000000      1
 1  0   -4.52384   -2.61726   27.48954 -0.161029 -0.091579  0.982692    1.70452  1.000000      1
 1  0    1.76173    2.57255   27.62518  0.069460  0.093784  0.993167    2.88318  1.000000      1
 1  0   -0.83056   -4.89919   27.50978 -0.029162 -0.172634  0.984554    4.01510  1.000000      1
 1  0   -2.87133    4.71256   27.46532 -0.102060  0.170827  0.980001    0.20211  1.000000      1
 1  0    4.04479   -4.33033   27.42934  0.144107 -0.153454  0.977591    4.08128  1.000000      1
 1  0    5.64041    1.67973   27.43302  0.319592  0.166459  0.932820    2.48856  1.000000      1
 1  0    0.41996   -4.90130   27.51359  0.013161 -0.173515  0.984743    0.49424  1.000000      1
 1  0    2.20172    2.59219   27.61096  0.076689  0.094121  0.992603    0.44509  1.000000      1
 1  0   -5.32806   -1.71589   27.45853 -0.189878 -0.063795  0.979733    0.76523  1.000000      1
 1  0    4.75905    3.38536   27.43709  0.224977  0.034890  0.973739    0.64095  1.000000      1
 1  0    5.27050    3.44241   27.39445  0.184796  0.122970  0.975053    0.53548  1.000000      1
 1  0   -1.15125   -5.27769   27.47515 -0.043234 -0.186491  0.981505    0.40730  1.000000      1
 1  0    5.97349   -2.66073   27.37022  0.473220 -0.161695  0.865978    0.16485  1.000000      1
 1  0    5.76819    1.55379   27.42491  0.207673  0.458070  0.864317    0.88197  1.000000      1
 1  0    2.76677   -2.30579   27.60014  0.101324 -0.080563  0.991586    0.44829  1.000000      1
 1  0    2.74704   -0.45520   27.64033  0.100978 -0.013052  0.994803    4.86562  1.000000      1
 1  0   -1.86560   -5.35269   27.45236 -0.065794 -0.193365  0.978918    1.02424  1.000000      1
 1  0    3.82091   -0.33094   27.58676  0.132114 -0.013880  0.991137    2.77675  1.000000      1
 1  0    5.33600   -1.80875   27.45535  0.402865 -0.234992  0.884578    0.28571  1.000000      1
 1  0    2.22774    4.78418   27.48541  0.074775  0.171990  0.982257    1.88059  1.000000      1
 1  0   -4.89549    4.13231   27.38352 -0.174639  0.149551  0.973209    2.07543  1.000000      1
 1  0    5.61899    0.12047   27.45656  0.202073  0.001886  0.979369    0.83766  1.000000      1
 1  0   -5.07656   -2.66561   27.44661 -0.183222 -0.092463  0.978714    3.23658  1.000000      1
 1  0   -2.65316   -2.42788   27.60043 -0.096480 -0.084148  0.991772    1.05408  1.000000      1
 1  0   -3.16116   -5.55598   27.38491 -0.110907 -0.199556  0.973590    0.28726  1.000000      1
 1  0   -0.24638    3.48105   27.60625 -0.010403  0.125026  0.992099    1.51965  1.000000      1
 1  0    1.95561    5.35075   27.44987  0.068374  0.189563  0.979485    0.52782  1.000000      1
 1  0    0.03127   -3.52015   27.60460  0.003930 -0.128607  0.991688    1.19035  1.000000      1
 1  0   -5.07335   -1.25884   27.48948 -0.180086 -0.045582  0.982594    1.63326  1.000000      1
 1  0    0.51629    1.46631   27.68141  0.058604 -0.039167  0.997513    0.15909  1.000000      1
 1  0   -1.69606    0.52719   27.67573 -0.062419  0.020174  0.997846    4.42736  1.000000      1
 1  0    4.32725    5.05094   27.35882  0.152697  0.178762  0.971971    2.88769  1.000000      1
 1  0    0.13178   -5.67227   27.45190 -0.007972 -0.206060  0.978507    0.29147  1.000000      1
 1  0   -1.68050    3.22378   27.59825 -0.062277  0.118394  0.991012    0.18172  1.000000      1
 1  0   -3.02846    4.03789   27.50373 -0.106068  0.146391  0.983524    0.43672  1.000000      1
 1  0   -0.90413    2.53923   27.64409 -0.032080  0.089716  0.995451    1.37425  1.000000      1
 1  0   -0.21863   -1.58246   27.68037 -0.008287 -0.052973  0.998562    4.07971  1.000000      1
 1  0   -4.93186    4.48413   27.35732 -0.175672  0.162391  0.970963    0.56618  1.000000      1
 1  0    3.56417   -2.14708   27.56668  0.127842 -0.078202  0.988707    0.22162  1.000000      1
 1  0    2.57746    5.03923   27.45309  0.091345  0.181013  0.979230    0.38483  1.000000      1
 1  0    4.90348   -3.32823   27.42927  0.176389 -0.116375  0.977417    0.13844  1.000000      1
 1  0    2.48977   -2.10816   27.61808  0.091122 -0.073521  0.993122    0.73934  1.000000      1
 1  0   -3.94626    2.49713   27.53202 -0.139416  0.087255  0.986382    0.47831  1.000000      1
 1  0   -3.39825    1.28281   27.59843 -0.125832  0.141842  0.981859    1.13408  1.000000      1
 1  0   -0.94920    2.74053   27.63526 -0.032928  0.100817  0.994360    2.21563  1.000000      1
 1  0   -3.69048   -5.07880   27.39611 -0.130371 -0.183082  0.974415    1.98181  1.000000      1
 1  0   -5.58642    3.43212   27.36848 -0.196235  0.120521  0.973122    0.40011  1.000000      1
 1  0    1.53937    5.51447   27.44736  0.053777  0.195778  0.979173    0.15785  1.000000      1
 1  0    4.73006   -3.58107   27.42868  0.168815 -0.126340  0.977517    3.72566  1.000000      1
 1  0   -5.15300    1.98118   27.46513 -0.186477  0.068826  0.980046    0.27922  1.000000      1
 1  0   -2.99795   -4.68490   27.46159 -0.106156 -0.167558  0.980130    1.52063  1.000000      1
 1  0    0.19825    1.51947   27.68193  0.006045  0.054586  0.998491    3.28888  1.000000      1
 1  0    3.72103   -1.94508   27.56425  0.132279 -0.070295  0.988717    0.20780  1.000000      1
 1  0    4.38913    0.45819   27.55002  0.155977  0.017994  0.987597    4.73716  1.000000      1
 1  0   -1.86839    0.13982   27.67299 -0.068431  0.005238  0.997642    0.42316  1.000000      1
 1  0    4.43962   -0.13357   27.54807  0.156949 -0.007575  0.987578    0.94935  1.000000      1
 1  0    3.19742   -0.90381   27.61502  0.069312 -0.087116  0.993784    2.08699  1.000000      1
 1  0   -1.51975   -0.27344   27.68166 -0.065584 -0.093742  0.993434    0.99629  1.000000      1
 1  0   -3.12310   -2.92118   27.55918 -0.111738 -0.105422  0.988130    1.33746  1.000000      1
 1  0   -3.19152   -3.43373   27.53073 -0.218287 -0.282140  0.934210    0.25817  1.000000      1
 1  0    4.49302   -3.85275   27.42997  0.157680 -0.136638  0.977991    0.37589  1.000000      1
 1  0    0.77075    4.59846   27.53255  0.024279  0.164819  0.986025    0.39151  1.000000      1
 1  0    5.30191    2.33936   27.44115  0.190332  0.083735  0.978142    0.53328  1.000000      1
 1  0   -1.35363    4.50278   27.52972 -0.049814  0.162737  0.985411    0.77145  1.000000      1
 1  0    3.57879    0.24778   27.60093  0.128385  0.005715  0.991708    1.21697  1.000000      1
 1  0    2.30503    5.47605   27.42789  0.085934  0.196022  0.976827    3.36543  1.000000      1
 1  0   -2.63014    2.51160   27.59818 -0.097406  0.088959  0.991261    2.32279  1.000000      1
 1  0   -3.11265   -2.50530   27.57707 -0.109247 -0.087223  0.990180    0.25375  1.000000      1
 1  0    4.00383   -2.81108   27.51564  0.146337 -0.101202  0.984044    2.21430  1.000000      1
 1  0    0.64962   -2.04944   27.66443  0.022998 -0.074295  0.996971    0.22295  1.000000      1
 1  0    3.33297    4.52740   27.45642  0.119318  0.162199  0.979518    1.55698  1.000000      1
 1  0    3.45717    1.18912   27.59710  0.123363  0.044784  0.991351    1.87701  1.000000      1
 1  0    4.93207   -3.24201   27.43148  0.173396 -0.113864  0.978248    0.68299  1.000000      1
 1  0   -1.79342    4.35205   27.52934 -0.062927  0.159112  0.985253    0.14241  1.000000      1
 1  0    5.97605   -3.67801   27.32011  0.377357 -0.254336  0.890458    1.04002  1.000000      1
 1  0    2.05047    2.44966   27.62145  0.074125  0.090317  0.993151    0.87440  1.000000      1
 1  0   -1.22900    4.81314   27.50990 -0.045831  0.171294  0.984153    1.86314  1.000000      1
 1  0  -18.07200  -14.45320   23.44132 -0.525579 -0.538607  0.658536    1.68963  1.000000      1
 1  0    1.20901    3.36068   27.60180  0.043383  0.123369  0.991412    1.87384  1.000000      1
 1  0   -0.06542    0.98700   27.69247 -0.004734  0.044145  0.999014    0.52165  1.000000      1
 1  0   -3.85879   -4.52442   27.42742 -0.133983 -0.161537  0.977729    1.25569  1.000000      1
 1  0   -3.44830    0.63774   27.60534 -0.129420  0.021262  0.991362    1.20150  1.000000      1
 1  0   -5.43974   -3.03985   27.40061 -0.190305 -0.107862  0.975782    1.50625  1.000000      1
 1  0    4.47972   -2.01343   27.51418  0.163929 -0.069022  0.984055    0.56661  1.000000      1
 1  0    1.01602    4.94028   27.50402  0.036092  0.173689  0.984139    4.08011  1.000000      1
 1  0    2.75657    1.82836   27.61578  0.099935  0.065017  0.992867    3.36602  1.000000      1
 2 -1   13.23610  -23.27140   21.93046  0.562854  0.326142  0.759491    0.29369  1.000000      0
 1  0   -2.77478    3.94456   27.52084 -0.099206  0.136874  0.985608    0.26058  1.000000      1
 1  0   -0.69951    4.72418   27.52432 -0.021759  0.171335  0.984973    0.92685  1.000000      1
 1  0    5.39843   -3.92846   27.35620  0.186605 -0.140233  0.972375    1.61227  1.000000      1
 1  0    3.42963    1.06890   27.60066  0.121690  0.038290  0.991829    1.07587  1.000000      1
 1  0    3.06052   -5.47067   27.39702  0.141541 -0.363801  0.920660    2.68122  1.000000      1
 1  0   -4.59067    0.05449   27.53766 -0.161895  0.003084  0.986803    0.27519  1.000000      1
 1  0   -2.29888   -1.50896   27.64181 -0.080589 -0.053753  0.995297    0.46765  1.000000      1
 1  0    0.04732    3.76504   27.59085  0.001399  0.136717  0.990609    0.72360  1.000000      1
 1  0    1.03438   -2.64964   27.63774  0.034301 -0.098349  0.994561    0.23456  1.000000      1
 1  0   -3.94552   -4.04649   27.45383 -0.142006 -0.144169  0.979311    1.15023  1.000000      1
 1  0   -0.44491   -4.59316   27.53599 -0.017848 -0.164021  0.986295    2.51777  1.000000      1
 1  0    5.00989   -1.80743   27.48143  0.181896 -0.064080  0.981228    2.94254  1.000000      1
 1  0    2.84483    1.04236   27.62935  0.071353 -0.112824  0.991050    0.25243  1.000000      1
 1  0   -2.41948    3.89554   27.53804 -0.083255  0.138214  0.986897    1.21293  1.000000      1
 1  0   -0.89789   -5.15946   27.48869 -0.033021 -0.186791  0.981845    0.36021  1.000000      1
 1  0   -1.86173   -1.81386   27.64801 -0.070289 -0.070335  0.995044    0.82489  1.000000      1
 1  0    1.06521    1.05375   27.68273  0.136486  0.088654  0.986667    0.94352  1.000000      1
 1  0    4.18431    0.53670   27.56296  0.148615  0.021852  0.988654    3.70031  1.000000      1
 1  0   -3.36712    3.96624   27.49145 -0.118350  0.139759  0.983087    1.63146  1.000000      1
 1  0    1.53869    5.38513   27.45826  0.057440  0.192136  0.979686    0.35213  1.000000      1
 1  0   -5.20385    1.29600   27.47839 -0.185446  0.050837  0.981339    0.93158  1.000000      1
 1  0   -4.06707    0.76286   27.56815 -0.143868  0.027404  0.989217    2.41939  1.000000      1
 1  0    0.57573    0.32386   27.69664  0.020765  0.015792  0.999660    1.73675  1.000000      1
 1  0   -2.99469    3.94651   27.51093 -0.081717  0.182735  0.979760    1.12321  1.000000      1
 1  0    1.33422   -1.83942   27.66027  0.049529 -0.063743  0.996737    0.58535  1.000000      1
 1  0   -0.13354   -4.59058   27.53756 -0.002757 -0.161780  0.986823    0.40895  1.000000      1
 1  0   -0.07680    2.50782   27.65156 -0.002155  0.091422  0.995810    1.00311  1.000000      1
 1  0    1.05406   -5.23951   27.47991  0.037530 -0.183842  0.982239    0.63531  1.000000      1
 1  0    3.40088   -0.22846   27.61057  0.122965 -0.006997  0.992386    1.42554  1.000000      1
 1  0    5.41626    1.66321   27.45259  0.193800  0.060222  0.979191    0.49963  1.000000      1
 1  0    4.36831    2.50327   27.50472  0.325234  0.050811  0.944268    0.28328  1.000000      1
 1  0    2.37104   -2.90759   27.59163  0.083350 -0.104878  0.990986    0.29876  1.000000      1
 1  0    4.55548   -4.52394   27.38216  0.311458 -0.230102  0.921980    0.49450  1.000000      1
 1  0   -1.53539   -4.75148   27.50792 -0.054704 -0.167816  0.984299    0.51946  1.000000      1
 1  0   18.79100   -7.20712   24.50579  0.108709 -0.610950  0.784170    1.11653  1.000000      1
 1  0    4.08006    4.71877   27.39997  0.146454  0.166949  0.975028    0.21425  1.000000      1
 1  0    1.67667   -1.34181   27.66452  0.062323 -0.048267  0.996888    0.32081  1.000000      1
 1  0   -4.40905    0.03864   27.55028 -0.276590 -0.140777  0.950621    0.23900  1.000000      1
 1  0    4.95379    0.73621   27.50677  0.176185  0.026293  0.984006    0.50279  1.000000      1
 1  0    3.13060    1.77185   27.60038  0.140962  0.198809  0.969848    1.63794  1.000000      1
 1  0   -5.60932   -3.64265   27.35498 -0.199219 -0.132667  0.970933    0.13288  1.000000      1
 1  0    1.77654    0.43534   27.67426  0.066829  0.005879  0.997747    2.92277  1.000000      1
 1  0    3.85548   -0.41346   27.58424  0.137592 -0.013164  0.990402    2.67381  1.000000      1
 1  0    1.06032    5.32856   27.47254  0.038391  0.191452  0.980751    3.76829  1.000000      1
 1  0    2.54474   -1.09478   27.64094  0.091434 -0.040241  0.994998    0.75841  1.000000      1
 1  0    5.05790   -3.11662   27.42793  0.180199 -0.111520  0.977288    0.22336  1.000000      1
 1  0    1.52688    0.70363   27.67825  0.187857 -0.432160  0.882013    0.59032  1.000000      1
 1  0   -0.36244    3.37013   27.61156 -0.013550  0.120654  0.992602    0.66527  1.000000      1
 1  0   -2.34601    3.43522   27.56675 -0.170099  0.184840  0.967936    2.53029  1.000000      1
 1  0    4.69408   -0.50732   27.52830  0.169534 -0.021674  0.985286    2.64105  1.000000      1
 1  0   -3.52850    1.99751   27.57341 -0.125566  0.071811  0.989483    2.46662  1.000000      1
 1  0    3.05136   -1.00175   27.62061  0.108676 -0.036457  0.993409    3.09622  1.000000      1
 1  0    2.92984    2.42450   27.58866  0.104599  0.089033  0.990521    0.42246  1.000000      1
 1  0    0.93905   -4.65716   27.52615  0.036944 -0.165643  0.985494    1.73031  1.000000      1
 1  0    0.20587   -1.98933   27.66923  0.005560 -0.074095  0.997236    0.96628  1.000000      1
 1  0   -4.50828   -5.12926   27.34028 -0.161404 -0.178416  0.970627    0.46122  1.000000      1
 1  0   -3.06791   -4.01236   27.50346 -0.109598 -0.145301  0.983298    0.73612  1.000000      1
 1  0    4.77739    4.44741   27.37145  0.167778  0.157122  0.973223    0.24517  1.000000      1
 1  0    0.09489   -2.46894   27.65302  0.007515 -0.087877  0.996103    0.28541  1.000000      1
 1  0   -2.31948    0.72521   27.65455 -0.086964  0.025784  0.995878    1.15810  1.000000      1
 1  0    0.13815   -0.25754   27.69934  0.004445 -0.010932  0.999930    3.87111  1.000000      1
 1  0   -3.96084   -1.01893   27.57121 -0.140787 -0.034548  0.989437    2.15806  1.000000      1
 1  0    0.62189   -4.72635   27.52496  0.014941 -0.169544  0.985409    1.23255  1.000000      1
 1  0    1.89960   -2.71226   27.61560  0.067023 -0.095381  0.993182    0.79899  1.000000      1
 1  0   -4.64723    3.05672   27.46156 -0.166602  0.110420  0.979822    1.32898  1.000000      1
 1  0   -0.98411   -3.95043   27.57238  0.410960 -0.365324  0.835255    0.87987  1.000000      1
 1  0   -5.31121   -1.55257   27.46404 -0.190231 -0.054769  0.980210    0.66929  1.000000      1
 1  0   -3.66454   -3.26576   27.51440 -0.151971 -0.325657  0.933195    0.54683  1.000000      1
 1  0   -2.20605   -2.15852   27.62668 -0.077216 -0.076345  0.994087    0.95989  1.000000      1
 1  0   -5.62424   -1.24371   27.44427 -0.200090 -0.042889  0.978838    0.24731  1.000000      1
 1  0   -1.91276    0.04185   27.67184 -0.071359  0.004362  0.997441    0.39441  1.000000      1
 1  0   -1.13354   -2.90942   27.62496 -0.043260 -0.101841  0.993860    1.12675  1.000000      1
 1  0    1.40154    5.59286   27.44377  0.049803  0.196661  0.979206    0.86960  1.000000      1
 1  0   -0.59872   -3.64372   27.59503 -0.170380 -0.319921  0.931998    1.14336  1.000000      1
 1  0    3.06276    4.22514   27.49018  0.102131  0.152157  0.983065    3.67843  1.000000      1
 1  0   -2.59242    5.63658   27.40323 -0.090607  0.197447  0.976117    2.19601  1.000000      1
 1  0    2.56852   -4.56016   27.48895  0.089050 -0.165886  0.982116    0.99834  1.000000      1
 1  0   -2.26022   -1.91370   27.63250 -0.080646 -0.067689  0.994442    0.45157  1.000000      1
 1  0    2.76161   -3.26473   27.55919  0.097813 -0.119567  0.987996    1.38248  1.000000      1
 1  0   -3.61565   -4.66030   27.43182 -0.127864 -0.169281  0.977238    1.10510  1.000000      1
 1  0    1.46287    3.71440   27.57729  0.051732  0.130574  0.990088    1.45122  1.000000      1
 1  0    2.32421    5.19266   27.45056  0.077740  0.185803  0.979507    1.82996  1.000000      1
 1  0   -4.57192    3.57751   27.44024 -0.158994  0.127571  0.979003    0.78274  1.000000      1
 1  0   -1.45747    5.56181   27.44521 -0.050316  0.199174  0.978672    2.95660  1.000000      1
 1  0    4.98714   -3.94487   27.38823  0.177747 -0.138246  0.974317    2.66923  1.000000      1
 1  0    4.63040    4.34381   27.38918  0.164760  0.153562  0.974306    0.56829  1.000000      1
 1  0    5.01226    2.78736   27.44649  0.180098  0.098023  0.978752    0.52287  1.000000      1
 1  0   -5.17863   -3.03539   27.42224 -0.183654 -0.109575  0.976865    0.72425  1.000000      1
 1  0   -4.99535   -2.46171   27.46099 -0.179582 -0.088200  0.979781    1.71602  1.000000      1
 1  0    3.10142   -0.02098   27.62596  0.110826  0.000373  0.993840    1.02698  1.000000      1
 1  0   -0.32838   -2.70123   27.64302 -0.012258 -0.095474  0.995356    0.49804  1.000000      1
 1  0   -1.89068    2.03444   27.64064 -0.067329  0.075080  0.994902    3.89421  1.000000      1
 1  0   -1.30977   -3.42610   27.59643 -0.043909 -0.123534  0.991368    2.27807  1.000000      1
 1  0   -3.94633    4.07464   27.45202 -0.141768  0.144297  0.979326    0.33427  1.000000      1
 1  0    1.46750    4.41842   27.53305  0.053631  0.158967  0.985826    0.78240  1.000000      1
 1  0   -0.15697   -4.13902   27.56790 -0.001297 -0.146386  0.989227    0.65773  1.000000      1
 1  0   -0.96207    1.66254   27.67161 -0.248973  0.073519  0.965716    0.11261  1.000000      1
 1  0    3.45559   -2.06783   27.57513  0.125820 -0.074088  0.989283    0.88450  1.000000      1
 1  0   -0.02783    2.69387   27.64415 -0.000531  0.094591  0.995516    0.36066  1.000000      1
 1  0    1.86878    4.78896   27.49640  0.141953  0.236561  0.961191    0.26946  1.000000      1
 1  0    3.97808    2.32386   27.53652  0.140262  0.079609  0.986909    0.21001  1.000000      1
 1  0    0.18113   -4.74477   27.52634  0.007969 -0.168981  0.985587    3.29103  1.000000      1
 1  0   -2.93956   -3.52290   27.53786 -0.107240 -0.126432  0.986162    0.76882  1.000000      1
 1  0    0.10178   -3.93469   27.58072  0.003779 -0.146719  0.989171    0.28882  1.000000      1
 1  0   -0.81496    0.62594   27.69188 -0.029332  0.022838  0.999309    1.91994  1.000000      1
 1  0    3.94300    4.56273   27.41966  0.136028  0.160027  0.977695    0.32640  1.000000      1
 1  0    1.63909    3.56235   27.58161  0.058424  0.128988  0.989924    0.35462  1.000000      1
 1  0   -1.38371    2.47945   27.63795 -0.050954  0.087275  0.994880    5.17289  1.000000      1
 1  0    4.16882    2.52210   27.51713  0.147685  0.088894  0.985031    0.23237  1.000000      1
 1  0   -2.01690   -5.19203   27.46091 -0.074278 -0.183995  0.980117    0.41934  1.000000      1
 1  0    2.63089   -5.06515   27.44892  0.093004 -0.183272  0.978653    0.43373  1.000000      1
 1  0    4.54175   -4.56070   27.38054  0.160585 -0.160937  0.973813    0.32214  1.000000      1
 1  0   18.00720   16.74130   22.87034  0.392353  0.461658  0.795570    1.21005  1.000000      1
 1  0   -5.57922   -1.86733   27.43319 -0.200460 -0.062969  0.977676    4.30644  1.000000      1
 1  0    9.90073   -3.97090   26.81870  0.046792  0.718666  0.693779    0.35447  1.000000      1
 1  0    0.41971    5.40053   27.47390  0.012880  0.189470  0.981802    0.23550  1.000000      1
 1  0   -1.83784    0.64699   27.67079  0.052919  0.035800  0.997957    0.56795  1.000000      1
 1  0    0.09293    3.47939   27.60674  0.000489  0.129306  0.991605    0.19193  1.000000      1
 1  0   -2.57202    0.59114   27.64640 -0.093363  0.016018  0.995503    2.13091  1.000000      1
 1  0    0.27253    4.24479   27.56068  0.009214  0.148287  0.988901    0.22817  1.000000      1
 1  0    3.89434    1.92521   27.55467  0.139943  0.065432  0.987995    1.03362  1.000000      1
 1  0    1.19656   -3.97478   27.56732  0.042362 -0.140709  0.989144    0.35593  1.000000      1
 1  0   -0.77166    2.51713   27.64666 -0.027550  0.091194  0.995452    2.94606  1.000000      1
 1  0    1.98432   -1.60790   27.64981  0.070223 -0.059345  0.995764    2.43055  1.000000      1
 1  0   -1.10026   -0.45997   27.68906 -0.038828 -0.016677  0.999107    0.53728  1.000000      1
 1  0   -5.69648    2.21586   27.41198 -0.201553  0.078587  0.976320    0.68282  1.000000      1
 1  0    5.15003   -3.59532   27.39583  0.183680 -0.127256  0.974714    1.18221  1.000000      1
 1  0   -2.39182    0.14719   27.65581 -0.087449  0.003850  0.996162    2.20075  1.000000      1
 1  0   -4.45932   -0.99208   27.53926 -0.157561 -0.036970  0.986817    2.37149  1.000000      1
 1  0    5.43415    0.82087   27.46725  0.199727  0.047418  0.978704    1.06249  1.000000      1
 1  0    3.99824   -4.13173   27.44522  0.143006 -0.149596  0.978351    2.01703  1.000000      1
 1  0   -0.94592    5.49379   27.46051 -0.035065  0.193241  0.980525    1.79803  1.000000      1
 1  0   -0.68473    4.43972   27.54458 -0.022118  0.159764  0.986907    0.89475  1.000000      1
 1  0    1.27245   -5.30031   27.47104  0.046782 -0.187728  0.981106    1.23300  1.000000      1
 1  0    4.20934    2.02624   27.53190  0.151114  0.069631  0.986061    1.28894  1.000000      1
 1  0    4.11363    7.36766   27.14995 -0.115308  0.551356  0.826263    1.88598  1.000000      1
 1  0   -0.48781   -1.99723   27.66748 -0.017391 -0.072854  0.997191    3.59823  1.000000      1
 1  0   -5.41151   -2.98040   27.40574 -0.192021 -0.104822  0.975777    1.54744  1.000000      1
 1  0    1.75115   -3.63492   27.57466  0.024506 -0.296561  0.954699    0.17323  1.000000      1
 1  0    3.24822   -2.08905   27.58517  0.116523 -0.073717  0.990448    3.46874  1.000000      1
 1  0   -5.13031   -1.83630   27.47120 -0.184646 -0.064168  0.980708    0.30356  1.000000      1
 1  0   -3.22275    2.14534   27.58460 -0.115853  0.074816  0.990445    1.42593  1.000000      1
 1  0    0.94044   -2.10046   27.65925  0.033766 -0.073305  0.996738    0.98515  1.000000      1
 1  0    0.97359   -2.21916   27.65481  0.036817 -0.078856  0.996206    0.99832  1.000000      1
 1  0    1.50104   -4.37280   27.53537  0.054602 -0.157851  0.985952    0.52968  1.000000      1
 1  0    4.27640   -1.03252   27.55095  0.153337 -0.036599  0.987496    4.12012  1.000000      1
 1  0    2.87104   -0.64778   27.63333  0.191647  0.072119  0.978811    1.71786  1.000000      1
 1  0    1.06428   -2.23760   27.65276  0.038863 -0.083278  0.995768    0.47196  1.000000      1
 1  0   -1.57009    2.14396   27.64566 -0.061772  0.079292  0.994936    0.52150  1.000000      1
 1  0    1.09572    0.33519   27.68990  0.067684  0.037461  0.997003    1.26820  1.000000      1
 1  0    3.55391   -3.83666   27.48927  0.128124 -0.139067  0.981960    0.93548  1.000000      1
 1  0   -3.17334    4.44040   27.47046 -0.114858  0.159279  0.980529    0.81956  1.000000      1
 1  0    2.95851    5.38244   27.40917  0.104569  0.190380  0.976125    0.66220  1.000000      1
 1  0    2.37443   -0.06031   27.65659  0.087988 -0.003536  0.996115    0.60473  1.000000      1
 1  0   -1.77999    0.06784   27.67559 -0.063086  0.000446  0.998008    0.91716  1.000000      1
 1  0   -1.03016   -0.49922   27.68992 -0.038264 -0.016191  0.999137    3.89154  1.000000      1
 1  0   -4.07406    5.32462   27.35331 -0.144961  0.188546  0.971307    0.23176  1.000000      1
 1  0    1.49960    4.68158   27.51384  0.052722  0.168435  0.984302    0.99858  1.000000      1
 1  0   -4.83747   -1.08592   27.51064 -0.172328 -0.038331  0.984294    0.19984  1.000000      1
 1  0   -3.75373   -1.51115   27.57392 -0.139837 -0.052392  0.988787    2.44216  1.000000      1
 1  0    5.28734    2.74424   27.42645  0.188527  0.099188  0.977046    1.00111  1.000000      1
 1  0   -0.71621    5.45761   27.46652 -0.025960  0.192105  0.981031    1.83975  1.000000      1
 1  0    4.90695    2.92328   27.44856  0.178515  0.103381  0.978491    0.34170  1.000000      1
 1  0   -2.18229    4.54194   27.50439 -0.269689  0.156658  0.950119    1.47393  1.000000      1
 1  0    4.28311    2.64529   27.50476  0.153850  0.095256  0.983492    4.63021  1.000000      1
 1  0    5.30282   -4.52718   27.32495  0.189246 -0.159584  0.968875    2.30912  1.000000      1
 1  0    4.85291   -1.54942   27.50007  0.171882 -0.056574  0.983492    2.30997  1.000000      1
 1  0   -5.60322    3.72701   27.35070 -0.199638  0.131569  0.970996    1.47396  1.000000      1
 1  0    4.68053    3.76773   27.42169  0.168686  0.135110  0.976366    0.42471  1.000000      1
 1  0    3.20382   -3.95731   27.50027  0.112611 -0.142653  0.983346    0.47683  1.000000      1
 1  0    5.66758    3.61927   27.35121  0.198305  0.118533  0.972947    0.26318  1.000000      1
 1  0    2.90986   -2.16610   27.59870  0.101670 -0.077027  0.991832    1.88348  1.000000      1
 1  0   -4.30353   -4.28123   27.41592 -0.152955 -0.151464  0.976557    1.01910  1.000000      1
 1  0   -4.32812   -1.54234   27.53740 -0.153364 -0.055546  0.986607    0.32388  1.000000      1
 1  0    1.53891   -0.55260   27.67943  0.073785 -0.018918  0.997095    0.17705  1.000000      1
 1  0    0.34782   -3.84283   27.58537  0.011556 -0.138218  0.990334    1.71465  1.000000      1
 1  0   -4.63057   -0.26268   27.53432 -0.166687 -0.007617  0.985980    0.57422  1.000000      1
 1  0   -4.43503   -4.75634   27.37386 -0.159216 -0.170090  0.972481    0.72020  1.000000      1
 1  0   -3.44248    5.68372   27.35945 -0.130506  0.238693  0.962286    0.16957  1.000000      1
 1  0   -5.34235    4.03425   27.35434 -0.189876  0.145261  0.971003    0.84517  1.000000      1
 1  0   -1.61695   -6.21774   27.38172 -0.059260 -0.220177  0.973658    1.73627  1.000000      1
 1  0   -4.32089   -4.47799   27.40145 -0.153723 -0.159818  0.975104    1.79561  1.000000      1
 1  0    5.33096    4.67157   27.31236  0.317330  0.278935  0.906365    0.10588  1.000000      1
 1  0    5.15383   -3.47149   27.40229  0.186120 -0.122378  0.974876    3.45189  1.000000      1
 1  0    2.65571    3.75820   27.53690  0.145674  0.177104  0.973352    0.39184  1.000000      1
 1  0   -0.00988    4.77367   27.52447 -0.047483  0.253543  0.966158    1.90770  1.000000      1
 1  0   -1.88723   -3.05931   27.60053 -0.066834 -0.113215  0.991320    0.30496  1.000000      1
 1  0    3.39855  -13.09790   26.27590 -0.045466 -0.417957  0.907328    1.53728  1.000000      1
 1  0    3.99892   -5.62397   27.33265  0.139769 -0.201857  0.969391    1.64176  1.000000      1
 1  0    0.48386   -0.63417   27.69510 -0.136356 -0.037456  0.989952    0.44372  1.000000      1
 1  0    1.49396    2.36478   27.63979  0.050498  0.082862  0.995281    1.43951  1.000000      1
 1  0   -0.73222    4.96620   27.50587 -0.027836  0.179917  0.983288    4.33624  1.000000      1
 1  0   -3.49012    4.07318   27.47830 -0.125800  0.147463  0.981035    2.17836  1.000000      1
 1  0    3.73748   -1.14698   27.58232  0.132421 -0.042232  0.990293    4.08982  1.000000      1
 1  0   -4.40844   -3.47410   27.45721 -0.156108 -0.124514  0.979860    0.37520  1.000000      1
 1  0    4.99864    2.58020   27.45613  0.179165  0.092744  0.979438    0.17936  1.000000      1
 1  0    3.52652    4.25791   27.46445  0.126494  0.155547  0.979696    2.62425  1.000000      1
 1  0   -2.84167   -0.77508   27.63323 -0.103698 -0.027861  0.994219    0.49359  1.000000      1
 2 -1  -24.44610   11.12790   21.89086  0.043702  0.682156  0.729900    0.18612  1.000000      0
 1  0    1.76097   -0.09482   27.67607  0.064767 -0.000885  0.997900    0.97474  1.000000      1
 1  0    0.30260    5.51299   27.46508  0.012083  0.199093  0.979906    0.91852  1.000000      1
 1  0    3.98205   -0.84900   27.57236  0.142840 -0.028671  0.989330    0.91686  1.000000      1
 1  0    2.06776   -3.25966   27.58528  0.075576 -0.118475  0.990077    0.37500  1.000000      1
 1  0    0.48909    2.40811   27.65354  0.020002  0.089590  0.995778    1.21113  1.000000      1
 1  0   -2.34855   -3.88460   27.54130 -0.084823 -0.134097  0.987331    0.33715  1.000000      1
 1  0   -2.49141   -5.08857   27.45260 -0.089327 -0.183792  0.978898    3.80754  1.000000      1
 1  0   -0.12567   -4.78154   27.52377 -0.002494 -0.167697  0.985835    0.44614  1.000000      1
 1  0   -0.27740    4.58072   27.53780 -0.008712  0.161876  0.986773    0.46197  1.000000      1
 1  0    2.91991    3.84224   27.52061  0.153781  0.148048  0.976951    1.03034  1.000000      1
 1  0   -3.33673   -4.75502   27.43991 -0.118632 -0.168061  0.978612    0.61175  1.000000      1
 1  0    1.51157   -1.42748   27.66674  0.054267 -0.047109  0.997415    2.71416  1.000000      1
 1  0    4.05669    1.35524   27.55913  0.144398  0.050499  0.988230    0.47846  1.000000      1
 1  0   -1.81114   -3.02627   27.60425 -0.062574 -0.106002  0.992395    1.46544  1.000000      1
 1  0  -19.87780   -0.90847   24.57930 -0.662864 -0.041787  0.747573    1.05494  1.000000      1
 1  0    1.78148    3.38511   27.58734  0.066555  0.120267  0.990508    0.44581  1.000000      1
 1  0   -2.91553    2.84756   27.57211 -0.236173  0.234053  0.943102    2.29093  1.000000      1
 1  0    4.66825   -0.50982   27.53014  0.167545 -0.019894  0.985664    3.30670  1.000000      1
 1  0    0.89261   -1.98457   27.66356  0.030193 -0.070423  0.997060    2.67880  1.000000      1
 2 -1    0.69558   -3.25881   27.61453 -0.383154  0.693045  0.610640    0.06684  1.000000      0
 1  0   -4.48915   -2.76324   27.48589 -0.269994 -0.067187  0.960515    0.54897  1.000000      1
 1  0   -5.10325    2.26547   27.45974 -0.180922  0.076099  0.980549    1.17003  1.000000      1
 1  0   -4.02153   -0.71196   27.57157 -0.213613 -0.019062  0.976732    0.68850  1.000000      1
 1  0   -3.01213    2.93508   27.56380 -0.106850  0.104299  0.988790    0.14798  1.000000      1
 1  0    2.92234   -2.19801   27.59706  0.107207 -0.078639  0.991122    0.20575  1.000000      1
 1  0   -2.52800    5.30410   27.43388 -0.088225  0.186281  0.978527    3.66466  1.000000      1
 1  0   -3.72845    3.46214   27.50056 -0.135325  0.120194  0.983484    0.62609  1.000000      1
 1  0    0.19779   -0.37270   27.69863  0.007131 -0.012901  0.999891    2.42958  1.000000      1
 1  0    1.67314    1.71729   27.65577  0.059010  0.062246  0.996315    0.55081  1.000000      1
 1  0   -2.13509    2.42351   27.61970 -0.074479  0.085024  0.993591    0.43351  1.000000      1
 1  0    4.12810   -4.84868   27.38732  0.149881 -0.169796  0.974015    2.29630  1.000000      1
 1  0   -0.03762   -0.90802   27.69365  0.001778 -0.031325  0.999508    3.33307  1.000000      1
 1  0   -0.52322   -0.04698   27.69788 -0.016031 -0.003865  0.999864    1.02357  1.000000      1
 1  0   -0.88079    4.81617   27.51534 -0.112852  0.317728  0.941442    0.70344  1.000000      1
 1  0   -5.78092   -4.55109   27.28226 -0.419827 -0.406499  0.811482    0.12751  1.000000      1
 1  0   -3.29137   -0.49797   27.61470 -0.120414 -0.017754  0.992565    1.24395  1.000000      1
 1  0   -0.60867    2.06935   27.66420 -0.017308  0.075192  0.997019    0.97304  1.000000      1
 1  0    2.36037    2.68923   27.60144  0.079484  0.094253  0.992370    1.40527  1.000000      1
 1  0   -5.43583    2.08695   27.43868 -0.194526  0.072891  0.978185    0.15267  1.000000      1
 1  0    4.59029    4.14595   27.40503  0.161706  0.147048  0.975822    1.96023  1.000000      1
 1  0   -5.00565    2.44749   27.46074 -0.180926  0.056064  0.981897    0.79488  1.000000      1
 1  0    4.87476    3.40815   27.42728  0.172263  0.121602  0.977516    0.23821  1.000000      1
 1  0   -1.59745    0.79739   27.67547 -0.057897  0.029028  0.997900    0.86982  1.000000      1
 1  0    3.82929    1.36363   27.57278  0.133981  0.048892  0.989777    0.83068  1.000000      1
 1  0   -4.82315    4.38168   27.37255 -0.169671  0.155977  0.973079    0.28308  1.000000      1
 1  0   -2.94957    4.31622   27.48943 -0.005318  0.153548  0.988127    1.37378  1.000000      1
 1  0   -4.54750    1.39533   27.52571 -0.162137  0.051965  0.985399    0.66970  1.000000      1
 1  0   -0.50535    3.59380   27.59861 -0.021060  0.128539  0.991481    0.85181  1.000000      1
 1  0    2.47025   -0.43777   27.65157 -0.302516  0.027955  0.952734    1.06170  1.000000      1
 1  0   -4.52108   -3.90380   27.42496 -0.160489 -0.142276  0.976730    0.24352  1.000000      1
 1  0    4.06877    3.01930   27.50223  0.147156  0.112763  0.982665    0.45893  1.000000      1
 1  0    0.37099    1.56600   27.68007  0.013863  0.057021  0.998277    1.64971  1.000000      1
 1  0    1.12307    3.89198   27.57366  0.067937  0.036666  0.997016    0.13008  1.000000      1
 1  0    2.53726   -3.33875   27.56459  0.090654 -0.121086  0.988494    0.68902  1.000000      1
 1  0    4.20672    1.88429   27.53635  0.150933  0.066296  0.986318    0.34406  1.000000      1
 1  0   -4.47508    1.00497   27.53798 -0.159276  0.036372  0.986564    1.78372  1.000000      1
 1  0    4.83252    2.58144   27.46869  0.172497  0.089673  0.980920    2.79220  1.000000      1
 1  0    5.41849   -0.56694   27.47128  0.188851 -0.020547  0.981791    0.27870  1.000000      1
 1  0    3.85338    2.04948   27.55330  0.131178  0.268790  0.954224    1.43360  1.000000      1
 1  0   -3.12257    5.66250   27.37755 -0.110103  0.198451  0.973907    2.57446  1.000000      1
 1  0    3.95397    5.59030   27.33834  0.139200  0.198898  0.970084    0.56513  1.000000      1
 1  0    4.40724   -1.63558   27.52979  0.158139 -0.058170  0.985702    0.48887  1.000000      1
 1  0   -0.20751    1.51672   27.68197 -0.010184  0.053505  0.998516    4.21928  1.000000      1
 1  0   -5.14158    1.91746   27.46795 -0.243636  0.105456  0.964116    1.91884  1.000000      1
 1  0   -1.38843    5.48855   27.45298 -0.693791  0.041835  0.718960    0.81994  1.000000      1
 1  0    1.82879    2.92496   27.60840  0.516102 -0.715478  0.470882    0.09029  1.000000      1
 1  0   -5.00426   -4.22414   27.36927 -0.179265 -0.151555  0.972057    3.55486  1.000000      1
 1  0   -1.14634    2.63166   27.63659 -0.037228  0.088842  0.995350    0.81868  1.000000      1
 1  0   -3.48363   -3.15604   27.52981 -0.127486 -0.111915  0.985506    1.78867  1.000000      1
 1  0   -2.84478   -4.66619   27.46985 -0.104371 -0.165277  0.980709    0.60193  1.000000      1
 1  0   -3.96682   -4.48041   27.42395 -0.148383 -0.159777  0.975937    0.41378  1.000000      1
 1  0   -2.89302   -1.41350   27.62020 -0.097896 -0.050966  0.993891    1.19881  1.000000      1
 1  0    0.92086    0.71205   27.68958  0.161663 -0.029541  0.986404    0.48917  1.000000      1
 1  0   -2.67569   -0.64184   27.64173 -0.096343 -0.026505  0.994995    1.58576  1.000000      1
 1  0   -2.97424    0.35139   27.63097 -0.105435  0.012669  0.994345    3.39518  1.000000      1
 1  0    3.54093    4.66035   27.43595  0.127439  0.161952  0.978535    0.25491  1.000000      1
 1  0    0.09106    3.20584   27.62083  0.003342  0.113265  0.993559    0.76563  1.000000      1
 1  0    5.26159    1.89743   27.45890  0.186604  0.070123  0.979929    0.55271  1.000000      1
 1  0    0.77815   -2.39155   27.65133  0.028036 -0.085142  0.995974    1.74445  1.000000      1
 1  0    2.63942   -3.52605   27.55060  0.094109 -0.124378  0.987762    1.94300  1.000000      1
 1  0   -5.04927    0.68060   27.50001 -0.183879  0.023968  0.982657    1.11930  1.000000      1
 1  0   -4.18958    0.42007   27.56348 -0.150240  0.012494  0.988571    1.72294  1.000000      1
 2 -1    4.78946   -2.11432   27.48882  0.075188 -0.187661  0.979352    1.07905  1.000000      0
 1  0   -1.44596    0.88637   27.67787 -0.045593  0.031542  0.998462    0.56374  1.000000      1
 1  0    3.61349   -2.71649   27.54260  0.126143 -0.094849  0.987467    0.47472  1.000000      1
 1  0    0.80765   -0.32318   27.69418  0.025494 -0.014104  0.999575    0.16504  1.000000      1
 1  0   -3.34680    3.08838   27.54027 -0.119949  0.108845  0.986795    2.81855  1.000000      1
 1  0    2.88917    5.54464   27.39861  0.103802  0.194099  0.975475    0.77353  1.000000      1
 1  0   -5.48515    1.03780   27.45983 -0.196099  0.034047  0.979993    1.10120  1.000000      1
 1  0   -2.89689    4.96158   27.44559 -0.105729  0.174509  0.978963    1.90355  1.000000      1
 1  0    3.75217    4.88255   27.40767  0.131812  0.176570  0.975422    2.35845  1.000000      1
 1  0   -5.48971    2.52325   27.41859 -0.195762  0.083777  0.977066    0.13740  1.000000      1
 1  0    4.26924   -0.66325   27.55625  0.153465 -0.027718  0.987765    1.17741  1.000000      1
 1  0    5.68073   -2.12162   27.41652  0.197420 -0.075635  0.977397    0.16943  1.000000      1
 1  0   -1.05981   -4.40137   27.54215 -0.037037 -0.159792  0.986456    2.31043  1.000000      1
 1  0    3.16215    0.13988   27.62289  0.145499  0.117394  0.982369    1.02301  1.000000      1
 1  0   -5.59842   -1.08192   27.44942 -0.200473 -0.038056  0.978960    1.01445  1.000000      1
 1  0    5.13653    4.19376   27.36087  0.180737  0.146444  0.972568    0.67896  1.000000      1
 1  0    2.19898   -0.21589   27.66243 -0.026650 -0.086787  0.995870    0.33694  1.000000      1
 1  0   -0.05457   -0.13410   27.69984  0.029879  0.011055  0.999492    1.95263  1.000000      1
 1  0    0.20172    3.75931   27.59089  0.007466  0.134278  0.990916    2.51193  1.000000      1
 1  0   -0.00448   -3.33510   27.61438 -0.051021  0.155493  0.986519    2.19141  1.000000      1
 1  0   -0.65720    2.74363   27.63874 -0.023161  0.097315  0.994984    0.54586  1.000000      1
 1  0    0.40944   -5.04152   27.50290  0.012767 -0.183188  0.982995    2.52818  1.000000      1
 1  0   -4.29504   -1.78633   27.53334 -0.159728 -0.064344  0.985062    0.56762  1.000000      1
 1  0   -0.61140    2.27084   27.65744 -0.028734 -0.384070  0.922857    1.42887  1.000000      1
 1  0   -2.40433    3.32414   27.57040 -0.083587  0.116407  0.989678    0.39895  1.000000      1
 1  0   -4.35029   -1.09946   27.54494 -0.158132 -0.042928  0.986484    2.33527  1.000000      1
 1  0    2.81379   -0.12264   27.63895  0.103149 -0.004237  0.994657    0.43887  1.000000      1
 1  0    1.21620   -5.41781   27.46240  0.043949 -0.194580  0.979902    1.95819  1.000000      1
 1  0    2.81831   -0.35493   27.63790  0.101698 -0.014297  0.994713    0.87332  1.000000      1
 1  0    1.69396   -4.61859   27.51357  0.062200 -0.166766  0.984033    1.81807  1.000000      1
 1  0    1.93801   -3.33541   27.58543  0.070626 -0.121665  0.990055    1.16447  1.000000      1
 1  0    3.55374   -4.04800   27.47642  0.126030 -0.147200  0.981045    0.66573  1.000000      1
 1  0    1.60440    3.70388   27.57455  0.055753  0.130855  0.989833    0.69393  1.000000      1
 1  0    3.18794   -3.98178   27.49956  0.112600 -0.145404  0.982944    0.37658  1.000000      1
 1  0   -5.13384   -2.53044   27.44751 -0.180343 -0.093569  0.979143    0.38718  1.000000      1
 1  0   -0.32988   -4.69332   27.52950 -0.014069 -0.168435  0.985612    2.45227  1.000000      1
 2 -1  -19.04170   16.67760   22.56878 -0.773082 -0.068405  0.630607    0.29435  1.000000      0
 1  0    3.53901   -2.16825   27.56736  0.125524 -0.081573  0.988731    1.50438  1.000000      1
 1  0    2.47980   -5.20002   27.44419  0.089032 -0.186743  0.978366    0.74541  1.000000      1
 1  0    1.09155   -2.12998   27.65592  0.039197 -0.071928  0.996639    0.41589  1.000000      1
 1  0   -4.07217    2.21228   27.53458 -0.147532  0.082848  0.985581    2.60177  1.000000      1
 1  0    5.26410    0.87379   27.48060  0.184120  0.028624  0.982487    0.62581  1.000000      1
 1  0    2.11420    0.39208   27.66442  0.068500 -0.175484  0.982096    0.46317  1.000000      1
 1  0   -2.63338    3.43795   27.55558 -0.095364  0.126913  0.987319    1.45798  1.000000      1
 1  0    2.45818    5.66575   27.40592  0.091520  0.199632  0.975588    0.58219  1.000000      1
 1  0    3.26035   -2.82015   27.55689  0.113584 -0.097501  0.988733    4.60930  1.000000      1
 1  0   -2.54982   -4.71472   27.47862 -0.096644 -0.167748  0.981081    0.58905  1.000000      1
 1  0   -4.76533    4.92193   27.33796 -0.169618  0.170320  0.970681    0.61019  1.000000      1
 1  0   -5.57590   -3.06564   27.38780 -0.195469 -0.106577  0.974902    0.52154  1.000000      1
 1  0   -0.29544    3.81850   27.58707 -0.008783  0.135526  0.990735    3.04563  1.000000      1
 1  0    4.77559    3.98429   27.40177  0.169114  0.144397  0.974962    1.05935  1.000000      1
 1  0    4.58289    4.04157   27.41215  0.162290  0.143924  0.976191    0.20941  1.000000      1
 1  0    2.58972    0.81896   27.64323  0.094063  0.029530  0.995128    4.42592  1.000000      1
 1  0   -1.54617   -0.37005   27.68055 -0.056373 -0.014748  0.998301    1.37106  1.000000      1
 2 -1   -3.30361    0.94492   27.60912  0.316296 -0.471278  0.823319    0.27093  1.000000      0
 1  0    1.35854   -3.14909   27.60946  0.104384 -0.381044  0.918645    0.21006  1.000000      1
 1  0    3.28467    2.00219   27.58607  0.119389  0.070250  0.990359    3.11511  1.000000      1
 1  0    2.89849  -14.83520   25.91800  0.381392 -0.305078  0.872621    0.93117  1.000000      1
 1  0   -1.29408   -4.80423   27.50929 -0.044303 -0.171367  0.984211    1.67457  1.000000      1
 1  0    3.07497   -3.93243   27.50803  0.110321 -0.140357  0.983936    0.86533  1.000000      1
 1  0    3.69370   -3.99410   27.47194  0.261099 -0.256176  0.930699    0.30684  1.000000      1
 1  0   -4.92843   -2.95804   27.44535 -0.174085 -0.105567  0.979056    0.11691  1.000000      1
 1  0    4.53088   -5.15860   27.33637  0.160596 -0.184745  0.969576    2.11270  1.000000      1
 1  0   -1.60435   -1.03648   27.67193 -0.059485 -0.035422  0.997601    0.65637  1.000000      1
 1  0    0.44372    3.91165   27.58068  0.016251  0.139533  0.990084    1.40338  1.000000      1
 1  0    3.59743   -4.22104   27.46296  0.127652 -0.151095  0.980242    2.78773  1.000000      1
 1  0    4.14226    5.95810   27.29367  0.532918  0.340318  0.774714    0.31858  1.000000      1
 1  0   -3.06414   -1.59868   27.60805 -0.110697 -0.062403  0.991893    4.93699  1.000000      1
 1  0   -3.59672    4.66219   27.43274 -0.129256  0.169043  0.977096    2.80177  1.000000      1
 1  0    0.25668   -0.61748   27.69656  0.010464 -0.024431  0.999647    0.94694  1.000000      1
 1  0   -4.12087   -0.01942   27.56924 -0.149286 -0.000086  0.988794    0.13576  1.000000      1
 1  0    5.14881    3.81921   27.38310  0.182016  0.136888  0.973721    2.11545  1.000000      1
 1  0    0.44986   -5.07227   27.50023  0.015773 -0.180907  0.983374    1.69945  1.000000      1
 1  0   -4.30839   -1.42845   27.54132 -0.151020 -0.054171  0.987045    0.49731  1.000000      1
 1  0    0.90355    1.61817   27.67357  0.031643  0.058614  0.997779    1.56308  1.000000      1
 2 -1   26.13420    8.24975   21.64018  0.750797 -0.019742  0.660238    2.64475  1.000000      0
 1  0    3.40807   -3.10096   27.53648  0.120364 -0.108497  0.986783    2.68348  1.000000      1
 1  0   -0.23356    4.33028   27.55518 -0.006953  0.151414  0.988446    0.15211  1.000000      1
 1  0   -2.37946   -3.57723   27.55786 -0.113469 -0.116077  0.986737    0.36432  1.000000      1
 1  0    2.02594   -1.97236   27.63847  0.072029 -0.069162  0.995002    2.92820  1.000000      1
 1  0    2.89654   -0.73197   27.63130  0.209880  0.105447  0.972024    1.14554  1.000000      1
 1  0    1.10872   -4.30848   27.54757  0.040124 -0.155946  0.986950    1.25614  1.000000      1
 1  0   -4.43381    1.02175   27.54055 -0.159014  0.035135  0.986651    0.86265  1.000000      1
 1  0   -3.66257    5.15317   27.39181 -0.128983  0.185394  0.974162    0.72307  1.000000      1
 1  0    0.46643    1.46702   27.68177 -0.370066  0.030402  0.928508    0.51100  1.000000      1
 1  0    1.10197   -0.76559   27.68615  0.042171 -0.029110  0.998686    0.41568  1.000000      1
 3  1   -6.15867    2.46137   27.36075 -0.662555  0.314713  0.679689    2.01834  1.000000      0
 1  0   -3.70863    2.49035   27.54631 -0.192005  0.150920  0.969720    1.26329  1.000000      1
 1  0   -0.88543    0.16810   27.69375 -0.029712  0.003380  0.999553    0.95360  1.000000      1
 1  0   -5.06583    1.39483   27.48728 -0.179749  0.050100  0.982436    0.29670  1.000000      1
 1  0   -3.51373    0.93639   27.59820 -0.125479  0.033340  0.991536    0.24843  1.000000      1
 1  0    3.64167   -4.55184   27.43808  0.096551 -0.384561  0.918036    0.51768  1.000000      1
 1  0    2.96280   -4.17628   27.49800 -0.333611 -0.522459  0.784691    0.80841  1.000000      1
 1  0   -1.95494   -2.48224   27.62316 -0.071817 -0.091372  0.993224    0.64068  1.000000      1
 1  0    5.15006    2.67434   27.44044  0.183759  0.092387  0.978620    0.17228  1.000000      1
 1  0   -2.22609    4.67831   27.49319 -0.079837  0.167007  0.982718    0.44164  1.000000      1
 1  0   -1.58731    4.44216   27.52860 -0.059990  0.166790  0.984166    1.06576  1.000000      1
 2 -1  -16.91890  -19.75830   22.26812 -0.115747  0.358093  0.926484    0.09711  1.000000      0
 1  0    2.87952   -0.67842   27.63264  0.112458 -0.026375  0.993306    0.31174  1.000000      1
 1  0    5.10157    1.89639   27.47174  0.184274  0.067931  0.980525    0.98805  1.000000      1
 1  0    5.31013   -4.07795   27.35426  0.186799 -0.144091  0.971774    1.15381  1.000000      1
 1  0    5.01624   -2.15342   27.47037  0.179672 -0.076685  0.980733    1.99663  1.000000      1
 1  0    4.03230   -4.88500   27.39063  0.147657 -0.176605  0.973143    1.63816  1.000000      1
 1  0   -3.75567   -4.28623   27.44970 -0.216860 -0.161482  0.962754    0.37250  1.000000      1
 1  0    1.85329    1.34429   27.65967  0.106537 -0.020009  0.994107    4.10482  1.000000      1
 1  0    2.71287    4.87796   27.45991 -0.178373  0.393925  0.901669    1.35405  1.000000      1
 1  0    1.01542    4.24783   27.55310  0.040389  0.152673  0.987451    0.29781  1.000000      1
 1  0    2.76484   -1.06111   27.63250  0.295224  0.069007  0.952933    0.79759  1.000000      1
 1  0   -4.59353    0.28732   27.53685 -0.162908  0.011987  0.986568    0.20112  1.000000      1
 1  0    8.04102  -25.44460   21.96984  0.341890 -0.612177  0.712987    0.87119  1.000000      1
 1  0   -2.32294   -1.42877   27.64276 -0.086694 -0.049257  0.995017    2.15200  1.000000      1
 1  0    3.71650   -2.67969   27.53831  0.134184 -0.096618  0.986235    0.37234  1.000000      1
 1  0    2.38203   -2.04687   27.62408  0.080091 -0.072983  0.994112    1.26856  1.000000      1
 1  0   -3.22316    2.05793   27.58741 -0.035143  0.110685  0.993234    1.50517  1.000000      1
 1  0    3.84072   -3.45310   27.49448  0.202930 -0.013936  0.979094    0.73989  1.000000      1
 1  0    5.70449    0.50309   27.44724  0.206604  0.016793  0.978281    1.33304  1.000000      1
 1  0   -2.64346   -2.35679   27.60345 -0.092368 -0.083830  0.992190    0.17894  1.000000      1
 1  0   -3.36548   -2.37952   27.56919 -0.077354 -0.042347  0.996104    0.61456  1.000000      1
 1  0   -5.22812   -3.51354   27.39406 -0.185278 -0.125613  0.974625    0.82494  1.000000      1
 1  0   -5.31128   -0.67197   27.47915 -0.193910 -0.003743  0.981012    0.51130  1.000000      1
 1  0   -2.83182    5.57479   27.39855 -0.098402  0.201135  0.974609    0.71904  1.000000      1
 1  0    0.14987    0.35512   27.69886  0.007747  0.015726  0.999846    1.78205  1.000000      1
 1  0   -2.81070    0.37350   27.63813 -0.097851  0.011676  0.995133    0.26233  1.000000      1
 1  0    4.69251   -3.48059   27.43690  0.227347 -0.233136  0.945495    0.92489  1.000000      1
 1  0   -2.99010   -0.64912   27.62794 -0.077609 -0.050076  0.995726    2.22405  1.000000      1
 1  0   -5.54891    1.91058   27.43453 -0.197059  0.068403  0.978002    0.82245  1.000000      1
 1  0   -0.08381    5.66409   27.45269 -0.001137  0.202123  0.979360    4.28019  1.000000      1
 1  0   -0.36361   -4.67555   27.53060 -0.010273 -0.167912  0.985748    1.58012  1.000000      1
 1  0   -2.23785    0.02050   27.66146 -0.084655  0.001998  0.996408    0.89544  1.000000      1
 1  0   -0.03398   -3.82125   27.58757 -0.075433 -0.224000  0.971666    0.50500  1.000000      1
 1  0   -2.55732   -1.88477   27.62232 -0.094869 -0.069368  0.993070    2.01384  1.000000      1
 1  0    1.39305   -5.63807   27.44003  0.052286 -0.197095  0.978989    1.33956  1.000000      1
 1  0    5.10181    0.27344   27.49890  0.181102  0.010340  0.983410    0.20929  1.000000      1
 1  0   -3.26225   -3.48346   27.52456 -0.114795 -0.123778  0.985648    0.46773  1.000000      1
 1  0   -5.31971   -4.11642   27.35103 -0.186012 -0.146466  0.971569    2.31082  1.000000      1
 1  0    0.56085    1.17081   27.68703  0.020356  0.040219  0.998984    2.05613  1.000000      1
 1  0    3.43285   -3.89075   27.49257  0.123467 -0.143582  0.981906    3.25613  1.000000      1
 1  0   -3.04322    0.23916   27.62828 -0.112858  0.007153  0.993585    0.23322  1.000000      1
 1  0   -3.97544   -2.10535   27.54415 -0.144808 -0.077260  0.986439    0.66052  1.000000      1
 1  0    5.01455   -3.60015   27.40621  0.177959 -0.128105  0.975664    3.41210  1.000000      1
 1  0    0.11789   -3.35727   27.61313  0.001669 -0.118442  0.992960    1.82768  1.000000      1
 1  0    3.54455    0.53102   27.60111  0.130709  0.018926  0.991240    4.12202  1.000000      1
 1  0    2.69488   -1.12513   27.63437  0.091536 -0.042907  0.994877    2.73555  1.000000      1
 1  0   -2.36962   -0.64199   27.65362 -0.011524 -0.049026  0.998731    0.19361  1.000000      1
 1  0   -0.10868    1.67751   27.67826 -0.002134  0.062451  0.998046    0.74143  1.000000      1
 1  0    3.83577    3.01705   27.51654  0.137887  0.109295  0.984399    0.72903  1.000000      1
 1  0   -4.88522    3.49262   27.42199 -0.172628  0.121507  0.977464    1.76883  1.000000      1
 1  0   -1.18884   -0.31961   27.68834 -0.043450 -0.006623  0.999034    1.26193  1.000000      1
 1  0    4.20537    4.45323   27.41077  0.147518  0.159766  0.976070    1.39006  1.000000      1
 1  0    1.44118   -1.60072   27.66430  0.051938 -0.062183  0.996712    1.54237  1.000000      1
 1  0   -0.73637    2.73460   27.63828 -0.025366  0.097337  0.994928    0.66192  1.000000      1
 1  0   -0.17788   -3.29074   27.61640 -0.001614 -0.118135  0.992996    3.42227  1.000000      1
 1  0   -3.08347    3.71778   27.52029 -0.110484  0.129702  0.985378    0.33589  1.000000      1
 1  0    0.32579   -0.07746   27.69914  0.012677 -0.004645  0.999909    1.40484  1.000000      1
 1  0    2.29780    3.46340   27.56698  0.081860  0.120573  0.989324    2.12223  1.000000      1
 1  0    0.76430   -4.83097   27.51572  0.026521 -0.173453  0.984485    0.14966  1.000000      1
 1  0    4.75277   -1.49987   27.50865  0.172504 -0.049616  0.983758    1.62758  1.000000      1
 1  0    5.24634    0.34614   27.48701  0.255659 -0.033690  0.966180    1.91456  1.000000      1
 1  0    3.74717   -0.93910   27.58511  0.135726 -0.032332  0.990219    0.50015  1.000000      1
 1  0   -4.11864    1.87260   27.54235 -0.148813  0.070040  0.986382    2.26087  1.000000      1
 1  0   -2.33271   -1.40949   27.64284 -0.156349 -0.125628  0.979680    0.20614  1.000000      1
 1  0    3.87317    3.60869   27.48407  0.136887  0.127439  0.982355    0.55763  1.000000      1
 1  0   -2.63653    0.31166   27.64576 -0.094635  0.008960  0.995472    1.04467  1.000000      1
 1  0    4.90232    2.06390   27.48200  0.172520  0.072593  0.982327    0.98709  1.000000      1
 1  0    4.74801   -4.65291   27.35916  0.164094 -0.164386  0.972651    0.20060  1.000000      1
 1  0   -2.36614    2.69099   27.60115 -0.083451  0.095179  0.991956    1.27157  1.000000      1
 1  0   -5.09908   -2.71086   27.44296 -0.178085 -0.097710  0.979152    2.02252  1.000000      1
 1  0    0.95187    1.87031   27.66611  0.030381  0.065959  0.997360    1.27740  1.000000      1
 1  0   -5.19631   -4.52361   27.33386 -0.380416 -0.239552  0.893252    0.98848  1.000000      1
 1  0    2.62428    5.13290   27.44385  0.099625  0.182781  0.978093    4.06636  1.000000      1
 1  0    5.38391   -0.34889   27.47570  0.195561 -0.011827  0.980620    0.19285  1.000000      1
 1  0   -3.82666    0.17805   27.58702 -0.137999  0.007689  0.990403    0.48856  1.000000      1
 1  0   -3.87008   -1.70638   27.56224 -0.139900 -0.057365  0.988503    2.45258  1.000000      1
 1  0   -3.53178    0.05304   27.60396 -0.126248  0.002381  0.991996    0.23410  1.000000      1
 1  0    1.86737   -3.73987   27.56545 -0.278064 -0.147250  0.949209    1.20830  1.000000      1
 1  0  -19.91280   -8.69146   23.96124 -0.271461 -0.695584  0.665186    1.16099  1.000000      1
 1  0    3.82199    2.01081   27.55637  0.135956  0.070263  0.988220    2.92131  1.000000      1
 1  0    1.46720    4.62283   27.51880  0.051325  0.163629  0.985186    1.15215  1.000000      1
 1  0    0.31064   -0.48246   27.69747 -0.024483 -0.041345  0.998845    1.33706  1.000000      1
 1  0    2.71252   -3.45525   27.55140  0.098781 -0.126682  0.987013    4.13322  1.000000      1
 1  0    1.89837   -4.17642   27.53790  0.067340 -0.145316  0.987091    0.44817  1.000000      1
 1  0   -3.57158    0.88528   27.59576  0.060131 -0.012283  0.998115    0.78126  1.000000      1
 1  0    5.49120    0.32193   27.46684  0.196263  0.008669  0.980513    1.33435  1.000000      1
 2 -1    5.08036   -4.20411   27.36464 -0.112310 -0.410015  0.905138    0.89166  1.000000      0
 1  0   -4.49008   -2.71795   27.48775 -0.161353 -0.095138  0.982300    4.78979  1.000000      1
 1  0    3.91108   -4.35019   27.43623  0.137929 -0.154964  0.978244    0.69315  1.000000      1
 1  0    0.75866   -1.70826   27.67312  0.028297 -0.057848  0.997924    1.23749  1.000000      1
 1  0    3.03761   -3.29655   27.54524  0.109303 -0.114287  0.987417    0.85410  1.000000      1
 1  0   -2.21882   -4.36986   27.51498 -0.070557 -0.163593  0.984002    1.76546  1.000000      1
 1  0   11.83130  -13.50220   25.17168  0.502827 -0.492748  0.710186    0.79201  1.000000      1
 1  0   -2.44413    3.27945   27.57119 -0.088800  0.119692  0.988832    0.63101  1.000000      1
 2 -1  -13.64480   19.22990   23.27252 -0.529453 -0.323166  0.784374    2.60144  1.000000      0
 1  0    1.21402   -3.90826   27.57104  0.045159 -0.142717  0.988733    3.53469  1.000000      1
 1  0   -3.20658   -3.20951   27.54148 -0.115697 -0.113649  0.986761    0.50082  1.000000      1
 1  0    4.12551    1.21331   27.55760  0.152014  0.041006  0.987527    1.09086  1.000000      1
 1  0   -0.76482   -4.24806   27.55653 -0.144659 -0.350677  0.925256    0.32506  1.000000      1
 1  0   -4.20427    5.61109   27.32074 -0.153206  0.201246  0.967485    0.40248  1.000000      1
 1  0    1.02499    4.75427   27.51779  0.037660  0.166365  0.985345    3.75330  1.000000      1
 1  0    2.90161   -3.66744   27.53156  0.100278 -0.133675  0.985939    5.34623  1.000000      1
 1  0   -1.86069    2.46245   27.62668 -0.066964  0.086204  0.994024    1.20417  1.000000      1
 1  0    1.27089   -4.12009   27.55684  0.045232 -0.145482  0.988326    0.76802  1.000000      1
 1  0    0.00858   -3.77570   27.59025  0.000518 -0.135298  0.990805    1.50661  1.000000      1
 1  0    0.03211    4.00861   27.57627 -0.000778  0.145029  0.989427    0.33929  1.000000      1
 1  0   -5.18378    3.42265   27.40250 -0.184561  0.122001  0.975219    2.48481  1.000000      1
 2 -1   22.60330   13.47380   22.13524  0.557996  0.176170  0.810928    0.92124  1.000000      0
 1  0    0.02578   -2.03828   27.66803 -0.002952 -0.072818  0.997341    4.08628  1.000000      1
 1  0   -5.18708   -2.29216   27.45214 -0.185387 -0.081054  0.979317    0.29346  1.000000      1
 1  0   -4.14532   -3.23039   27.48720 -0.148525 -0.115303  0.982164    3.97849  1.000000      1
 1  0    3.64809   -2.95300   27.53033  0.120769 -0.144378  0.982125    0.15169  1.000000      1
 1  0   -0.74300    4.81223   27.51736  0.075533  0.398549  0.914031    0.72780  1.000000      1
 1  0   -2.67509    0.19518   27.64464 -0.079103 -0.075319  0.994017    3.41004  1.000000      1
 1  0   -2.36066    2.57109   27.60621 -0.084404  0.095340  0.991860    1.68225  1.000000      1
 1  0    2.20051    5.62393   27.41885  0.079357  0.200230  0.976530    0.95867  1.000000      1
 1  0    2.76543    4.61492   27.47696  0.092772  0.164063  0.982078    1.08828  1.000000      1
 1  0   -3.16621   -1.74597   27.59936 -0.113935 -0.065137  0.991351    2.05395  1.000000      1
 1  0    4.78424   -4.63770   27.35758  0.170779 -0.166989  0.971056    2.16792  1.000000      1
 1  0   -3.01861    4.37017   27.48263 -0.108995  0.158664  0.981298    0.72276  1.000000      1
 1  0   -0.02630    1.86867   27.67313 -0.004968  0.068587  0.997633    2.70015  1.000000      1
 1  0   -1.79331    4.92952   27.48799 -0.063966  0.179239  0.981724    1.87134  1.000000      1
 1  0    3.80187    4.17916   27.45400  0.136153  0.147689  0.979617    0.23125  1.000000      1
 1  0    0.61976    0.43881   27.69556  0.023842  0.017985  0.999554    0.94640  1.000000      1
 1  0    0.84754   -5.61357   27.45160  0.033006 -0.202735  0.978677    0.57779  1.000000      1
 1  0   -4.30203    2.90319   27.49247 -0.005206  0.279848  0.960030    0.99474  1.000000      1
 1  0   -3.16890    2.55735   27.57232 -0.112978  0.094365  0.989106    4.14560  1.000000      1
 1  0   -4.74705    1.22945   27.51477 -0.170802  0.043451  0.984347    0.75886  1.000000      1
 1  0   -6.08244    2.00190   27.38382 -0.499568 -0.152902  0.852674    0.51100  1.000000      1
 1  0    0.80072   -0.18748   27.69480  0.024098 -0.005238  0.999696    2.37010  1.000000      1
 1  0   -2.01666    2.76659   27.60978 -0.076632  0.099412  0.992091    4.38959  1.000000      1
 1  0   -3.62192   -3.88138   27.48284 -0.134728 -0.138555  0.981148    0.24163  1.000000      1
 1  0   -4.83719   -1.03822   27.51145 -0.174145 -0.040804  0.983874    0.33227  1.000000      1
 1  0    4.46469    3.47698   27.45320  0.158133  0.121927  0.979861    1.90213  1.000000      1
 1  0   -0.92884    0.02970   27.69336 -0.091440 -0.001937  0.995809    0.16292  1.000000      1
 1  0   -4.98890    3.68133   27.40362 -0.174361  0.128228  0.976297    0.46149  1.000000      1
 1  0   -0.73804    2.32919   27.65406 -0.021895  0.084608  0.996174    3.85921  1.000000      1
 1  0   11.26320   -7.30984   26.29801 -0.104092  0.029701  0.994124    0.57890  1.000000      1
 1  0   -4.75158   -4.81841   27.34677 -0.170836 -0.169297  0.970646    0.25325  1.000000      1
 1  0    1.93453    2.93690   27.60479  0.071309  0.106424  0.991761    0.88497  1.000000      1
 1  0   -3.82448    3.39277   27.49863 -0.136727  0.117148  0.983657    3.11812  1.000000      1
 1  0    2.22618    2.65054   27.60777  0.084756  0.093733  0.991983    3.82427  1.000000      1
 1  0    0.08332   -1.38533   27.68518  0.143086 -0.017428  0.989557    1.34292  1.000000      1
 1  0   -0.28470   17.18650   25.38607  0.495220  0.065133  0.866323    1.02165  1.000000      1
 1  0   -1.39781    4.46729   27.53124 -0.220818  0.134540  0.965991    1.62602  1.000000      1
 1  0    3.95631    1.64268   27.55869  0.143702  0.058408  0.987896    2.62505  1.000000      1
 1  0   -3.24835   -1.36058   27.60452 -0.115893 -0.045790  0.992206    0.55652  1.000000      1
 1  0   -2.15489    0.75855   27.65984 -0.079110  0.030957  0.996385    0.60318  1.000000      1
 1  0    0.67393   -0.16561   27.69629  0.024446 -0.003054  0.999696    2.05394  1.000000      1
 1  0    0.26201    4.98312   27.50818  0.065672  0.257868  0.963946    0.36637  1.000000      1
 1  0    0.18935   -1.05500   27.69116  0.003582 -0.040572  0.999170    0.42129  1.000000      1
 1  0    2.29854    0.13358   27.65921  0.082243  0.008658  0.996575    0.15457  1.000000      1
 1  0    1.15614   -2.87871   27.62593  0.045351 -0.104592  0.993481    0.25124  1.000000      1
 1  0   -3.52831    0.20845   27.60383 -0.123898  0.004615  0.992284    2.66768  1.000000      1
 1  0   -0.53371   -5.01519   27.50404 -0.020446 -0.180232  0.983412    0.27051  1.000000      1
 1  0    2.32536    3.22592   27.57824  0.096100  0.128012  0.987106    0.72473  1.000000      1
 1  0   -2.31965    4.70029   27.48832 -0.086641  0.169295  0.981750    0.29218  1.000000      1
 1  0    1.33101    1.03337   27.67815  0.048463  0.039450  0.998046    1.24490  1.000000      1
 1  0   -1.58442   -4.32789   27.53640 -0.055974 -0.155051  0.986319    5.26034  1.000000      1
 1  0   -2.03907    3.13111   27.59251 -0.073264  0.114519  0.990716    0.40375  1.000000      1
 1  0    1.20954    0.31307   27.68799  0.042717  0.012928  0.999004    4.66135  1.000000      1
 1  0    3.03554    3.95501   27.50851  0.108196  0.142506  0.983863    0.69046  1.000000      1
 1  0   -3.92100   -0.54204   27.57936 -0.670359  0.004311  0.742024    0.45585  1.000000      1
 1  0    5.64777   -0.93329   27.44744  0.201253 -0.033490  0.978967    2.22962  1.000000      1
 1  0   -3.98523   -2.12088   27.54304 -0.144256 -0.077850  0.986473    1.17469  1.000000      1
 1  0   -4.60683   -2.06596   27.50362 -0.166156 -0.072238  0.983450    0.43200  1.000000      1
 1  0    1.37770   -2.87327   27.62185  0.010434 -0.123477  0.992293    0.20055  1.000000      1
 1  0   -1.26197    4.26336   27.54775 -0.047429  0.152293  0.987197    1.61585  1.000000      1
 1  0   -0.40181    4.46900   27.54494 -0.013562  0.160967  0.986867    1.81970  1.000000      1
 1  0    2.33132   10.27320   26.84068 -0.117467  0.377027  0.918723    2.12374  1.000000      1
 1  0   -3.98631   -2.58514   27.52612 -0.142187 -0.094980  0.985272    1.03381  1.000000      1
 1  0    1.28736   -5.11009   27.48603  0.045432 -0.181699  0.982304    3.04213  1.000000      1
 1  0    2.68630    5.44549   27.41577  0.096274  0.190852  0.976886    2.98563  1.000000      1
 1  0   -3.92417    0.47913   27.57967 -0.142108  0.015960  0.989722    3.53102  1.000000      1
 1  0   -0.30054   -1.97285   27.66936  0.013522 -0.103433  0.994545    0.50766  1.000000      1
 1  0    0.05840    4.40770   27.55036  0.002297  0.154808  0.987942    1.06234  1.000000      1
 1  0    0.47705   -4.57493   27.53704 -0.255549  0.043565  0.965814    0.97639  1.000000      1
 1  0   -0.36812   -3.58377   27.60008 -0.015953 -0.128072  0.991637    5.77063  1.000000      1
 1  0    4.82067   -6.64109   27.17990  0.294721 -0.209172  0.932409    2.83800  1.000000      1
 1  0    0.73738    4.95087   27.50698  0.009855  0.166516  0.985990    0.18839  1.000000      1
 1  0   -5.40289   -0.04239   27.47505 -0.193851 -0.003801  0.981024    0.56014  1.000000      1
 1  0   -3.16669    3.68104   27.51838 -0.111556  0.129089  0.985338    4.24815  1.000000      1
 1  0   -3.29900    3.63821   27.51420 -0.118875  0.131455  0.984169    3.03099  1.000000      1
 1  0    4.30136    3.96634   27.43613  0.153354  0.139031  0.978342    1.09175  1.000000      1
 1  0    0.93303    3.50217   27.59888 -0.136356  0.283649  0.949184    1.28733  1.000000      1
 1  0   -0.10032   -1.96754   27.67014  0.071411  0.647069  0.759080    0.80646  1.000000      1
 1  0    1.10647    2.03227   27.65880  0.468793  0.299777  0.830883    0.91168  1.000000      1
 1  0    5.21964   -1.14831   27.47991  0.186539 -0.039744  0.981643    0.60478  1.000000      1
 1  0    3.34607    0.83825   27.60841  0.236681  0.144671  0.960756    0.55767  1.000000      1
 1  0    1.09936   -3.07259   27.61803  0.038840 -0.111424  0.993014    0.38589  1.000000      1
 1  0    5.43453   -0.38046   27.47130  0.192669 -0.011861  0.981192    3.42467  1.000000      1
 1  0   -2.83339    1.53693   27.62003 -0.102101  0.054348  0.993288    3.51497  1.000000      1
 1  0   -3.05862    5.67596   27.37943 -0.060456  0.367441  0.928080    1.35583  1.000000      1
 1  0   -1.98736   -1.27801   27.65704 -0.047869 -0.088723  0.994905    2.85053  1.000000      1
 1  0   -4.13869   -0.70149   27.56431 -0.145692 -0.022841  0.989066    0.33922  1.000000      1
 1  0    2.93607   -5.56346   27.39488  0.103520 -0.198717  0.974574    0.95168  1.000000      1
 1  0    5.40392    1.61048   27.45495  0.192976  0.057919  0.979493    4.45556  1.000000      1
 1  0    1.76076   -5.28237   27.46107  0.063882 -0.187394  0.980205    1.77278  1.000000      1
 1  0   -2.46558    1.63862   27.63255 -0.087802  0.057041  0.994503    0.89766  1.000000      1
 1  0   -0.93736   -5.07329   27.49493 -0.034149 -0.179110  0.983236    1.71444  1.000000      1
 1  0   -5.24583    1.76831   27.46383 -0.186812  0.066200  0.980163    0.42918  1.000000      1
 1  0    3.26021    2.82568   27.55666  0.164843  0.119770  0.979021    1.47152  1.000000      1
 1  0    4.99068   -3.08783   27.43452  0.178291 -0.109017  0.977920    0.22895  1.000000      1
 1  0    3.50336   -4.08964   27.47655  0.125686 -0.145704  0.981312    2.07430  1.000000      1
 1  0   -1.35029   -2.26250   27.64658 -0.051325 -0.081780  0.995328    1.31537  1.000000      1
 1  0    0.79434    1.58037   27.67593  0.027121  0.059411  0.997865    1.20205  1.000000      1
 1  0    4.44234    1.42024   27.53246  0.160700  0.052396  0.985612    1.33363  1.000000      1
 1  0    2.08321    0.12084   27.66650  0.107108 -0.074794  0.991430    0.76281  1.000000      1
 1  0    1.64328    2.30389   27.63837  0.057931  0.083025  0.994862    1.32284  1.000000      1
 1  0    4.26979   -4.82236   27.38009  0.148649 -0.173296  0.973587    0.99405  1.000000      1
 1  0   -3.02023    4.31781   27.48607 -0.108451  0.147714  0.983066    2.06071  1.000000      1
 1  0   -3.46804    1.88749   27.57997 -0.122376  0.067451  0.990189    0.64165  1.000000      1
 1  0   -1.47808   -2.86208   27.62013  0.070100 -0.181019  0.980978    2.27102  1.000000      1
 1  0    4.82233    2.08389   27.48736  0.174585  0.075566  0.981738    1.43861  1.000000      1
 1  0   -2.63503   -2.42792   27.60117 -0.094670 -0.088345  0.991581    0.31325  1.000000      1
 1  0   -4.63889    4.17611   27.39962 -0.162785  0.150781  0.975072    1.19108  1.000000      1
 1  0    0.60895   -4.29644   27.55499  0.016501 -0.153831  0.987959    0.34416  1.000000      1
 1  0    5.01561   -3.17104   27.42857  0.180990 -0.112011  0.977086    3.81250  1.000000      1
 1  0    0.67736    3.94407   27.57669  0.022875  0.144957  0.989173    0.86030  1.000000      1
 1  0   -0.57121    1.85963   27.67088 -0.018775  0.065897  0.997650    4.04670  1.000000      1
 1  0   -1.45951    0.19690   27.68331  0.049708  0.305057  0.951036    0.22652  1.000000      1
 1  0    5.31497   -3.63633   27.38020  0.187846 -0.128226  0.973793    0.52822  1.000000      1
 1  0   -5.66409   -0.70827   27.44887 -0.204910 -0.025299  0.978454    0.50692  1.000000      1
 1  0   -0.72628    0.59885   27.69318 -0.022874  0.021787  0.999501    0.52458  1.000000      1
 1  0    3.01890   -3.07834   27.55684  0.105045 -0.109291  0.988444    0.75080  1.000000      1
 1  0   -1.90375    5.25168   27.45952 -0.071843  0.188628  0.979417    1.24378  1.000000      1
 1  0   -4.57233   -3.39334   27.45013 -0.161218 -0.120719  0.979508    0.32396  1.000000      1
 1  0    3.96865    1.06405   27.57001  0.140620  0.039041  0.989294    0.42924  1.000000      1
 1  0    4.33389   -2.96514   27.48754  0.155555 -0.104208  0.982315    0.48722  1.000000      1
 1  0    5.30587    3.78885   27.37219  0.191023  0.133954  0.972402    1.07321  1.000000      1
 1  0    4.25998   -2.72124   27.50314  0.257730 -0.194714  0.946394    3.10637  1.000000      1
 1  0   -2.46293   -2.74112   27.59546 -0.108069 -0.142824  0.983830    0.74774  1.000000      1
 1  0   -4.07780    3.75406   27.46325 -0.147082  0.131109  0.980397    2.64908  1.000000      1
 1  0   -0.07779   -3.18035   27.62210 -0.004932 -0.111679  0.993732    0.38363  1.000000      1
 1  0   -5.15171    2.51706   27.44662 -0.182412  0.092358  0.978875    0.28935  1.000000      1
 1  0    3.72426   -5.25701   27.37993  0.129383 -0.187499  0.973706    2.15790  1.000000      1
 1  0   -4.80936   -4.21105   27.38491 -0.170357 -0.154498  0.973195    0.38787  1.000000      1
 1  0   -0.77869   -5.50791   27.46154 -0.027032 -0.201085  0.979201    2.91373  1.000000      1
 1  0   -2.25932   -4.16290   27.52720 -0.081421 -0.147364  0.985725    0.48403  1.000000      1
 1  0    4.60370    2.88041   27.47275  0.283571 -0.137051  0.949107    1.12412  1.000000      1
 1  0    5.19362   -3.62025   27.39096  0.186744 -0.130656  0.973682    0.26839  1.000000      1
 1  0    3.91116   -4.53518   27.42353  0.135871 -0.162893  0.977244    2.27535  1.000000      1
 1  0   -1.21064   -0.10088   27.68865 -0.044002 -0.003704  0.999025    1.06472  1.000000      1
 1  0   -5.65186    1.59347   27.43420  0.078424  0.596184  0.799008    0.64248  1.000000      1
 1  0    0.10348    2.47042   27.65295  0.003480  0.090153  0.995922    0.90031  1.000000      1
 1  0   -2.22010    4.85894   27.48010 -0.054485  0.148052  0.987478    0.36945  1.000000      1
 1  0   -2.43874    2.40916   27.60954 -0.088304  0.088523  0.992152    0.49499  1.000000      1
 1  0    2.01949    4.20120   27.53264  0.073240  0.149901  0.985985    0.29293  1.000000      1
 1  0    2.32514   -3.71456   27.55211  0.082514 -0.136330  0.987221    0.66628  1.000000      1
 1  0   -1.56787    2.38517   27.63730 -0.055091  0.084991  0.994858    0.14297  1.000000      1
 1  0    5.10521   -2.55466   27.44883  0.183523 -0.090188  0.978869    0.14329  1.000000      1
 1  0   -4.37733    4.60289   27.38889 -0.156911  0.163193  0.974036    2.06503  1.000000      1
 1  0    2.83914    5.64611   27.39204  0.102764  0.202198  0.973938    4.76757  1.000000      1
 1  0   -1.76512    1.72144   27.65322 -0.063452  0.058556  0.996266    2.69034  1.000000      1
 1  0    2.70309    5.49531   27.41086  0.096680  0.196706  0.975684    0.23143  1.000000      1
 1  0   -4.10089    0.33189   27.56966 -0.146316  0.008387  0.989202    2.07004  1.000000      1
 1  0   -2.06111    3.61159   27.56685 -0.047565  0.092485  0.994577    1.20779  1.000000      1
 1  0   -1.62779   -3.78389   27.56935 -0.055632 -0.135379  0.989231    0.38238  1.000000      1
 1  0   -4.73874    5.18732   27.31916 -0.205012  0.323883  0.923618    0.32814  1.000000      1
 1  0   -4.86816   -3.69576   27.41200 -0.174887 -0.127844  0.976253    0.37537  1.000000      1
 1  0   -4.05955    5.43599   27.34495 -0.142476  0.191957  0.971006    0.35728  1.000000      1
 1  0   -3.10309    1.22968   27.61424 -0.113684  0.043608  0.992559    2.67946  1.000000      1
 1  0   -0.70052   -4.87046   27.51348 -0.025023 -0.174542  0.984332    1.07823  1.000000      1
 1  0    2.63475   -0.21969   27.64621  0.097724 -0.006614  0.995192    0.44730  1.000000      1
 1  0   -0.04815   -3.99095   27.57735 -0.002502 -0.147285  0.989091    1.67387  1.000000      1
 1  0    3.11689    2.88746   27.56099  0.113379  0.103214  0.988176    1.24934  1.000000      1
 1  0   -5.62173   -2.03072   27.42459 -0.373048 -0.054457  0.926212    0.37850  1.000000      1
 1  0    3.71638   -1.99496   27.56300  0.134332 -0.075657  0.988044    1.55410  1.000000      1
 1  0    3.40330    5.26470   27.39699  0.122936  0.187588  0.974524    0.53102  1.000000      1
 1  0   -1.65812   -4.38699   27.53059 -0.061416 -0.157086  0.985673    0.55699  1.000000      1
 1  0    3.19004    1.36161   27.60739  0.112849  0.050755  0.992315    4.08795  1.000000      1
 1  0    0.34901   -1.32578   27.68554  0.013927 -0.047373  0.998780    6.11507  1.000000      1
 1  0   -5.08863   -4.24240   27.36149 -0.178375 -0.151568  0.972219    5.11647  1.000000      1
 1  0   -3.47886    0.24646   27.60637 -0.125143  0.008476  0.992103    3.65645  1.000000      1
 1  0    1.55145   -1.24500   27.66955  0.055477 -0.046427  0.997380    0.70879  1.000000      1
 1  0    4.44672    2.80155   27.48717  0.157786  0.097828  0.982616    3.92402  1.000000      1
 1  0    2.64057    4.90012   27.46123  0.094654  0.175333  0.979948    0.32027  1.000000      1
 1  0   -0.41994    5.51916   27.46390 -0.015510  0.196450  0.980391    0.72750  1.000000      1
 1  0    1.75376    2.57945   27.62512  0.170430  0.092457  0.981023    1.51396  1.000000      1
 1  0   -3.65255   -0.61774   27.59435 -0.131114 -0.021102  0.991143    0.25793  1.000000      1
 1  0   -4.13813   -4.00654   27.44429 -0.725265  0.233331  0.647725    0.40712  1.000000      1
 1  0   -4.17626   -3.33281   27.48002 -0.148072 -0.116239  0.982122    1.27272  1.000000      1
 1  0    4.11819    3.40474   27.48000  0.148332  0.119294  0.981716    1.04444  1.000000      1
 1  0    0.56969   -5.32366   27.47912  0.022419 -0.188085  0.981897    0.30946  1.000000      1
 1  0    2.76401    2.24617   27.60235  0.104480  0.078904  0.991392    0.84824  1.000000      1
 1  0    3.57088    1.47451   27.58509  0.134213  0.052686  0.989551    0.39467  1.000000      1
 1  0    2.86121    2.31030   27.59589  0.105235  0.080554  0.991179    5.21483  1.000000      1
 1  0   -3.74682   -5.66345   27.34431 -0.132620 -0.201499  0.970469    5.42258  1.000000      1
 1  0   -5.23771    4.11106   27.35807 -0.186956  0.141054  0.972189    1.54986  1.000000      1
 1  0   -4.22078    1.48515   27.54581 -0.151208  0.052837  0.987089    2.18505  1.000000      1
 1  0   -5.11703   -2.82171   27.43681 -0.183752 -0.103285  0.977531    0.55153  1.000000      1
 1  0    1.83814    2.37257   27.63067  0.067421  0.083369  0.994235    1.02253  1.000000      1
 1  0   -0.21274    3.48059   27.60640 -0.009600  0.124560  0.992166    0.69178  1.000000      1
 1  0   -1.69414   -0.48141   27.67613 -0.059264 -0.015006  0.998130    4.86871  1.000000      1
 1  0    1.58461   -5.71631   27.42876  0.057566 -0.207173  0.976609    4.56018  1.000000      1
 1  0    1.91789   -4.19577   27.53608  0.068289 -0.147684  0.986674    0.95756  1.000000      1
 1  0    3.44526    5.34063   27.38854  0.123412  0.191625  0.973678    1.85958  1.000000      1
 1  0    2.13046   -3.08419   27.59183  0.078392 -0.110337  0.990798    0.41460  1.000000      1
 1  0    5.00283   -4.74416   27.33331  0.179061 -0.168066  0.969377    2.39853  1.000000      1
 1  0    2.71951   -2.84470   27.58075  0.098746 -0.103946  0.989669    1.09082  1.000000      1
 1  0   -4.29090    1.42155   27.54263 -0.153150  0.054076  0.986722    2.26276  1.000000      1
 1  0    4.29286    1.92116   27.52963  0.155002  0.067561  0.985601    5.23601  1.000000      1
 1  0    1.42955    4.87213   27.50138  0.052003  0.175233  0.983153    0.87804  1.000000      1
 1  0   -5.55037    2.67006   27.40753 -0.198570  0.092388  0.975722    0.36297  1.000000      1
 1  0    2.34766   -0.06481   27.65756  0.090554 -0.002935  0.995887    4.92304  1.000000      1
 1  0   -2.97306    3.70969   27.52591 -0.111135  0.134625  0.984645    0.20524  1.000000      1
 1  0    3.85801    5.37334   27.36253  0.132304  0.191793  0.972477    1.74168  1.000000      1
 1  0    3.27830   -2.27191   27.57751  0.118578 -0.077592  0.989908    1.07112  1.000000      1
 1  0   -4.00986   -5.07239   27.37760 -0.149376 -0.180373  0.972189    0.22347  1.000000      1
 1  0   -0.96165   -1.15212   27.68267 -0.039122 -0.042778  0.998318    0.55334  1.000000      1
 1  0    0.22706   -2.03822   27.66764  0.008628 -0.072324  0.997344    0.62564  1.000000      1
 1  0    1.74813   -4.50824   27.51990  0.095606 -0.200130  0.975094    0.20003  1.000000      1
 1  0    4.13417    3.33050   27.48284  0.146024  0.120791  0.981879    2.02921  1.000000      1
 2 -1    1.84819   -1.05566   27.66514  0.429520  0.455790  0.779595    1.23456  1.000000      0
 1  0   -0.21694    0.00294   27.69964  0.232125  0.492761  0.838633    0.11586  1.000000      1
 1  0    0.87995    5.30927   27.47683  0.030467  0.186027  0.982072    0.24091  1.000000      1
 1  0   -1.32838   -1.89159   27.65889 -0.047638 -0.067250  0.996598    3.45043  1.000000      1
 1  0    5.56183   -3.09554   27.38758  0.194983 -0.110173  0.974599    3.35366  1.000000      1
 1  0    2.36950    5.03390   27.46145  0.083488  0.182170  0.979716    1.39238  1.000000      1
 1  0   -1.51270   -5.03993   27.48666 -0.055455 -0.182458  0.981649    1.24749  1.000000      1
 1  0    0.69378   -4.73521   27.52358  0.026170 -0.169574  0.985170    1.15613  1.000000      1
 1  0    0.51158   -0.60436   27.69518  0.014378 -0.024184  0.999604    0.75710  1.000000      1
 1  0   -3.48909   -4.82579   27.42664 -0.126073 -0.175552  0.976364    0.47811  1.000000      1
 1  0    2.91904   -2.82020   27.57315  0.106882 -0.096678  0.989560    1.17875  1.000000      1
 1  0   -3.55844   -2.51140   27.55392 -0.125867 -0.088872  0.988058    0.74717  1.000000      1
 1  0    2.96452    1.42435   27.61674  0.105318  0.051518  0.993103    1.85627  1.000000      1
 1  0   -3.21296    5.00459   27.42736 -0.113264  0.177738  0.977538    0.63956  1.000000      1
 1  0   -3.93871    4.65909   27.41306 -0.139397  0.165196  0.976360    0.15741  1.000000      1
 1  0   18.18900   -4.26022   24.95762  0.669345 -0.220684  0.709419    2.94632  1.000000      1
 1  0   15.25520   -7.12190   25.48182  0.431681 -0.415138  0.800820    2.14435  1.000000      1
 1  0    1.37360   -5.41823   27.45922  0.047034 -0.191306  0.980403    3.57163  1.000000      1
 1  0    3.31211    3.61309   27.51493  0.117293  0.129178  0.984660    1.31637  1.000000      1
 1  0   -0.48432   -3.75261   27.58978 -0.017294 -0.138835  0.990165    0.76961  1.000000      1
 1  0   -4.00111    5.22646   27.36587 -0.141138  0.191535  0.971285    0.29912  1.000000      1
 1  0    5.14617   -3.96895   27.37429  0.185415 -0.139237  0.972746    4.10823  1.000000      1
 1  0    5.59845   26.72250   21.68784  0.010835  0.754572  0.656128    1.02300  1.000000      1
 1  0   -3.66138    4.79575   27.41936 -0.255020  0.125272  0.958787    3.04584  1.000000      1
 1  0    0.75364    4.90386   27.51037  0.027318  0.176392  0.983941    0.21254  1.000000      1
 1  0   -3.65627    0.01112   27.59708 -0.131965  0.004099  0.991246    4.60276  1.000000      1
 1  0    4.82546   -0.02664   27.52063  0.173755  0.000383  0.984789    0.19530  1.000000      1
 1  0   -0.79249    3.29189   27.61175 -0.025060  0.116703  0.992851    3.35396  1.000000      1
 1  0    0.63570   -4.95668   27.50762  0.022833 -0.179041  0.983577    1.30767  1.000000      1
 1  0    4.94476    4.92169   27.32450  0.365135  0.308378  0.878396    0.13245  1.000000      1
 1  0    2.28011   -5.18096   27.45306  0.081112 -0.181489  0.980042    0.25820  1.000000      1
 1  0   -3.89496   -0.05122   27.58318 -0.141254  0.001000  0.989973    0.48432  1.000000      1
 1  0   -4.08231   -4.00415   27.44798 -0.142242 -0.142984  0.979450    1.07215  1.000000      1
 1  0    4.12886   -5.56129   27.32990  0.144961 -0.199093  0.969200    0.23661  1.000000      1
 1  0   -1.50377   -2.32074   27.64115 -0.052604 -0.082463  0.995205    0.30858  1.000000      1
 1  0    3.15984    0.63858   27.62001  0.113258  0.022890  0.993302    3.17742  1.000000      1
 1  0    4.55530    2.38936   27.49614  0.161126  0.085207  0.983249    0.13483  1.000000      1
 1  0   -2.92694    0.97095   27.62681 -0.105188  0.030777  0.993976    0.54000  1.000000      1
 1  0   -1.54042   -3.40846   27.59229 -0.055111 -0.121306  0.991084    0.20612  1.000000      1
 1  0    3.56590    3.77056   27.49249  0.127282  0.135469  0.982572    0.22305  1.000000      1
 1  0   -0.22455    5.34782   27.47924 -0.007584  0.190756  0.981608    0.38581  1.000000      1
 1  0    3.65998    0.01356   27.59687  0.223766  0.070804  0.972068    0.67538  1.000000      1
 1  0   -1.13814    4.08285   27.56166 -0.040768  0.144295  0.988695    1.47103  1.000000      1
 1  0   -9.22243  -10.60460   26.16250 -0.409740 -0.305211  0.859627    4.11767  1.000000      1
 1  0   -4.30380    1.45557   27.54103 -0.153983  0.052336  0.986686    2.70704  1.000000      1
 1  0   -0.26536   -5.06771   27.50160 -0.056925 -0.488909  0.870475    0.37948  1.000000      1
 1  0    4.14387    0.89545   27.56160  0.262942  0.032973  0.964248    0.39540  1.000000      1
 1  0   -5.09259   -2.67161   27.44510 -0.178587 -0.092608  0.979556    0.97761  1.000000      1
 1  0   -2.27880    4.83779   27.47965 -0.082477  0.170393  0.981918    0.43122  1.000000      1
 1  0   -2.78445    0.45210   27.63876 -0.100552  0.014827  0.994821    1.92076  1.000000      1
 1  0   -1.92179    3.71428   27.56533 -0.070284  0.134706  0.988390    3.49975  1.000000      1
 1  0   -2.52251    0.74053   27.64681 -0.092745  0.028741  0.995275    0.24072  1.000000      1
 1  0    3.18770   -2.94951   27.55475  0.116097 -0.103643  0.987816    1.30022  1.000000      1
 1  0   -2.76276   -2.73547   27.58362 -0.101809 -0.097997  0.989965    2.53045  1.000000      1
 1  0   -0.38880   -1.85548   27.67235 -0.013663 -0.067255  0.997642    1.98422  1.000000      1
 1  0   -0.46811   -2.69638   27.64236 -0.022968 -0.073158  0.997056    2.45059  1.000000      1
 1  0   -4.79013   -1.39652   27.50821 -0.170974 -0.050240  0.983994    0.97597  1.000000      1
 1  0    4.67477   -4.12347   27.40041  0.164580 -0.145640  0.975552    1.81497  1.000000      1
 1  0    2.50907    1.90855   27.62351  0.090872  0.072961  0.993186    2.00500  1.000000      1
 1  0   -4.89776   -5.32560   27.29605 -0.296319 -0.281893  0.912541    1.63299  1.000000      1
 1  0    3.28297   -3.77333   27.50728  0.115226 -0.133233  0.984364    2.39368  1.000000      1
 1  0   -2.32138   -2.70837   27.60205 -0.252814 -0.204513  0.945653    0.40230  1.000000      1
 1  0   -0.81801    1.24428   27.68294  0.116324  0.048065  0.992048    0.11532  1.000000      1
 1  0    1.02329   -6.61439   27.35449  0.054113 -0.603337  0.795648    0.91260  1.000000      1
 1  0   -5.52347    4.32993   27.31999 -0.195734  0.152954  0.968655    0.24676  1.000000      1
 1  0    1.02781   -3.24614   27.61076  0.036131 -0.115449  0.992656    0.71175  1.000000      1
 1  0   -3.78038   -0.89060   27.58386 -0.135054 -0.030440  0.990371    0.29713  1.000000      1
 2 -1   -1.11556    5.17476   27.48408  0.253849  0.402760  0.879400    1.28327  1.000000      0
 1  0    2.32451    5.15283   27.45373  0.082103  0.185340  0.979239    0.17553  1.000000      1
 1  0    5.06598    2.68160   27.44678  0.180400  0.094478  0.979045    0.61452  1.000000      1
 1  0    3.19868    2.71355   27.56451  0.115906  0.099047  0.988309    1.46359  1.000000      1
 1  0    5.48329   -3.26372   27.38602  0.196185 -0.112128  0.974135    0.53587  1.000000      1
 1  0    3.28168   -2.01263   27.58590  0.115771 -0.068006  0.990945    0.28366  1.000000      1
 1  0   -1.28023   -5.07776   27.48871 -0.045494 -0.182302  0.982190    1.08123  1.000000      1
 1  0    2.25336    2.05143   27.62853  0.081660  0.072424  0.994025    0.67886  1.000000      1
 1  0    3.34187    0.54113   27.61178  0.168081  0.053524  0.984319    0.69683  1.000000      1
 1  0   -0.30804   -0.92998   27.69262 -0.010222 -0.033737  0.999378    1.16395  1.000000      1
 1  0    0.55183   -2.67394   27.64263  0.021948 -0.094902  0.995245    1.80495  1.000000      1
 1  0    4.19320   -0.88082   27.55862  0.152027 -0.030385  0.987909    0.45412  1.000000      1
 1  0    5.11502    0.98883   27.49088  0.180296  0.038493  0.982859    0.63780  1.000000      1
 1  0    0.95484    4.07822   27.56491  0.034309  0.148315  0.988345    0.68686  1.000000      1
 1  0   -0.11330    3.01041   27.63015 -0.002588  0.110341  0.993890    2.49864  1.000000      1
 1  0    3.10644   -2.46937   27.57875  0.108766 -0.087793  0.990183    0.51363  1.000000      1
 1  0   -0.36200   -3.50393   27.60448 -0.013405 -0.124904  0.992078    0.46883  1.000000      1
 1  0   -1.79357   -1.32647   27.66171 -0.070591 -0.043658  0.996549    0.72886  1.000000      1
 1  0   -4.14328    3.10601   27.49341 -0.150807  0.111815  0.982219    1.12799  1.000000      1
 1  0    1.22341    4.00353   27.56505  0.040999  0.142383  0.988962    0.43472  1.000000      1
 1  0   -3.05868    4.44012   27.47600 -0.106359  0.160407  0.981304    0.13686  1.000000      1
 1  0    0.61847   -1.61276   27.67705  0.020019 -0.186463  0.982258    0.83076  1.000000      1
 1  0   -3.36771   -2.88107   27.54873 -0.122799 -0.100472  0.987333    0.30031  1.000000      1
 1  0    5.38967    1.22339   27.46461  0.193266  0.043888  0.980164    0.91968  1.000000      1
 1  0   -1.24791    2.54570   27.63814 -0.042978  0.091099  0.994914    3.96898  1.000000      1
 1  0   -1.28566    4.41470   27.53716 -0.044757  0.154117  0.987038    0.76454  1.000000      1
